
maxdiff     : 0.0910711
meandiff    : 0.006117

