CATGTRSBDP
1	-1	34591
1
1.8
0	0
0	0
../../../fasta_sequences/alignments/concatenated_after_guidance/concatenated_prot.phy
4
0
Universal

0
0
0
None
0
10	0
0
(((((((((NC018378_CNID_Reni_muel:0.0332631060345092,(NC035665_CNID_Eugo_muta:0.00948268876157332,NC035667_CNID_Euni_cavo:0.022427700326671):0.0149084813199662):0.148635306052328,(NC030337_CNID_Hali_anta:0.286409625230505,((((NC035740_CNID_Nemo_nomu:0.0561393812229879,NC016466_CNID_Cass_fron:0.137032981805332):0.0183523809494565,NC008446_CNID_Aure_auri:0.0516973700553368):0.0264514297471704,NC020459_CNID_Chry_quin:0.103408580970172):0.154865002806738,(NC021406_CNID_Hydr_sine:0.495451406648445,(NC018537_CNID_Cras_sowe:0.0799320954435016,NC016467_CNID_Cuba_aphr:0.0492355569405543):0.0549644177784622):0.0583435360090036):0.0385406675536982):0.00705470371263788):0.0270752396245915,((((AF538053_CHOA_Mono_brev:0.269764932552473,(NC006837_FUNG_Zanc_culi:0.58424368358013,(((NC011360_FUNG_Blas_emer:0.0322403519485786,NC001715_FUNG_Allo_macr:0.031019718248635):0.173729536638735,(NC003053_FUNG_Rhiz_gram:0.629849330074787,NC003052_FUNG_Spiz_punc:0.223849884429862):0.466714644348866):0.0481276063343106,NC006836_FUNG_Rhiz_oryz:0.228634880454188):0.0550654398396307):0.2244298191789):0.0955768973706145,(((((NC031810_CHOR_Etmo_pusi:0.106681328091577,NC012761_CHOR_Gala_sene:0.185378954838887):0.130121677210522,NC000834_CHOR_Bran_flor:0.288391157042384):0.0150774432427703,(NC001453_ECHI_Stro_purp:0.269153405197712,NC040151_ECHI_Ophi_anta:0.409344154792835):0.0971381785117101):0.0137047922083599,NC008556_XENA_Xeno_bock:0.389148575785824):0.0701151863942596,((NC034783_ANNE_Pont_core:0.324737877020283,NC007893_MOLL_Wata_scin:0.33133334677363):0.107247997776122,(NC005306_EUAR_Varg_hilg:0.800492034643279,(NC020030_PRIA_Hali_spin:0.354798014446108,KY778696_ARTH_Phot_pyra:0.31073452865198):0.0731995683429337):0.00132184516633704):0.273507010565861):0.331956961922811):0.0447737597619053,(NC028054_PORI_Vaze_pour:0.0619103705147287,NC027419_PORI_Oops_minu:0.0624900109403742):0.605105949337442):0.00890692567857495,(((NC008833_PLAC_Plac_sp:0.00217942766591725,NC015309_PLAC_Plac_sp:0.00571875905509122):0.0116236534336739,NC008832_PLAC_Plac_sp:0.00692823041464827):0.00609277863616564,(NC008834_PLAC_Plac_sp:0.0193740923354511,NC008151_PLAC_Tric_adha:0.0107643920046028):0.0170219024806124):0.251667658945631):0.0276812113056554):0.00399312971511415,((LN898115_CTEN_Vall_mult:0.610563277684216,(LN898113_CTEN_Coel_loya:0.0370203303514786,LN898114_CTEN_Coel_yuli:0.0192957991936499):0.388263261603438):0.192538546971071,((NC016117_CTEN_Mnem_leid:0.307444289297086,JN392469_CTEN_Pleu_bach:0.523822646770159):0.0583002170241134,(MG655624_CTEN_Bero_fors:0.000825237685128228,(MG655623_CTEN_Bero_fors:0.00202084845304083,MG655622_CTEN_Bero_fors:0.000839684586964269):0.0018065203053854):0.46692220478409):1.21174139511165):3.65483787453677):0.0455954409631246,((NC014888_PORI_Osca_tube:0.0109102325176719,NC014856_PORI_Osca_viri:0.00491760288788253):0.0355139141725267,(NC014860_PORI_Plak_jani:0.00938821735559424,NC014884_PORI_Plak_mono:0.0242736140213611):0.0921419929985982):0.0227351461292855):0.0284267124945705,((NC013662_PORI_Irci_stro:0.0170618608477475,NC010218_PORI_Vace_GW94:0.0269740914808456):0.518589783231888,NC010216_PORI_Iger_nota:0.159700166921797):0.105565958559873):0.0136517445502549,(NC010203_PORI_Aply_fulv:0.0664430700589414,(NC010208_PORI_Chon_sp:0.0151992214000669,NC010212_PORI_Hali_duja:0.0152650469394769):0.0394487048144928):0.0275687038399544):0.0121933401710428,NC010201_PORI_Amph_comp:0.0835741043871692):0.00793452464121735,(((NC010207_PORI_Iotr_biro:0.0966136368033145,NC006991_PORI_Teth_acti:0.0306095068488381):0.00818253209587573,NC010496_PORI_Sube_domu:0.0635887745141659):0.00935027367123019,(NC006894_PORI_Axin_corr:0.0398670017628165,NC023834_PORI_Poly_litt:0.038697906022699):0.0102528994734739):0.00872234463076764,(NC006990_PORI_Geod_nept:0.0942518743446646,NC016431_PORI_Euna_subt:0.0316225101974646):0.0133752716218664);
(((((((((NC018378_CNID_Reni_muel:0.0332631060345092,(NC035665_CNID_Eugo_muta:0.00948268876157332,NC035667_CNID_Euni_cavo:0.022427700326671):0.0149084813199662):0.148635306052328,(NC030337_CNID_Hali_anta:0.286409625230505,((((NC035740_CNID_Nemo_nomu:0.0561393812229879,NC016466_CNID_Cass_fron:0.137032981805332):0.0183523809494565,NC008446_CNID_Aure_auri:0.0516973700553368):0.0264514297471704,NC020459_CNID_Chry_quin:0.103408580970172):0.154865002806738,(NC021406_CNID_Hydr_sine:0.495451406648445,(NC018537_CNID_Cras_sowe:0.0799320954435016,NC016467_CNID_Cuba_aphr:0.0492355569405543):0.0549644177784622):0.0583435360090036):0.0385406675536982):0.00705470371263788):0.0270752396245915,((((AF538053_CHOA_Mono_brev:0.269764932552473,(NC006837_FUNG_Zanc_culi:0.58424368358013,(((NC011360_FUNG_Blas_emer:0.0322403519485786,NC001715_FUNG_Allo_macr:0.031019718248635):0.173729536638735,(NC003053_FUNG_Rhiz_gram:0.629849330074787,NC003052_FUNG_Spiz_punc:0.223849884429862):0.466714644348866):0.0481276063343106,NC006836_FUNG_Rhiz_oryz:0.228634880454188):0.0550654398396307):0.2244298191789):0.0955768973706145,(((((NC031810_CHOR_Etmo_pusi:0.106681328091577,NC012761_CHOR_Gala_sene:0.185378954838887):0.130121677210522,NC000834_CHOR_Bran_flor:0.288391157042384):0.0150774432427703,(NC001453_ECHI_Stro_purp:0.269153405197712,NC040151_ECHI_Ophi_anta:0.409344154792835):0.0971381785117101):0.0137047922083599,NC008556_XENA_Xeno_bock:0.389148575785824):0.0701151863942596,((NC034783_ANNE_Pont_core:0.324737877020283,NC007893_MOLL_Wata_scin:0.33133334677363):0.107247997776122,(NC005306_EUAR_Varg_hilg:0.800492034643279,(NC020030_PRIA_Hali_spin:0.354798014446108,KY778696_ARTH_Phot_pyra:0.31073452865198):0.0731995683429337):0.00132184516633704):0.273507010565861):0.331956961922811):0.0447737597619053,(NC028054_PORI_Vaze_pour:0.0619103705147287,NC027419_PORI_Oops_minu:0.0624900109403742):0.605105949337442):0.00890692567857495,(((NC008833_PLAC_Plac_sp:0.00217942766591725,NC015309_PLAC_Plac_sp:0.00571875905509122):0.0116236534336739,NC008832_PLAC_Plac_sp:0.00692823041464827):0.00609277863616564,(NC008834_PLAC_Plac_sp:0.0193740923354511,NC008151_PLAC_Tric_adha:0.0107643920046028):0.0170219024806124):0.251667658945631):0.0276812113056554):0.00399312971511415,((LN898115_CTEN_Vall_mult:0.610563277684216,(LN898113_CTEN_Coel_loya:0.0370203303514786,LN898114_CTEN_Coel_yuli:0.0192957991936499):0.388263261603438):0.192538546971071,((NC016117_CTEN_Mnem_leid:0.307444289297086,JN392469_CTEN_Pleu_bach:0.523822646770159):0.0583002170241134,(MG655624_CTEN_Bero_fors:0.000825237685128228,(MG655623_CTEN_Bero_fors:0.00202084845304083,MG655622_CTEN_Bero_fors:0.000839684586964269):0.0018065203053854):0.46692220478409):1.21174139511165):3.65483787453677):0.0455954409631246,((NC014888_PORI_Osca_tube:0.0109102325176719,NC014856_PORI_Osca_viri:0.00491760288788253):0.0355139141725267,(NC014860_PORI_Plak_jani:0.00938821735559424,NC014884_PORI_Plak_mono:0.0242736140213611):0.0921419929985982):0.0227351461292855):0.0284267124945705,((NC013662_PORI_Irci_stro:0.0170618608477475,NC010218_PORI_Vace_GW94:0.0269740914808456):0.518589783231888,NC010216_PORI_Iger_nota:0.159700166921797):0.105565958559873):0.0136517445502549,(NC010203_PORI_Aply_fulv:0.0664430700589414,(NC010208_PORI_Chon_sp:0.0151992214000669,NC010212_PORI_Hali_duja:0.0152650469394769):0.0394487048144928):0.0275687038399544):0.0121933401710428,NC010201_PORI_Amph_comp:0.0835741043871692):0.00793452464121735,(((NC010207_PORI_Iotr_biro:0.0966136368033145,NC006991_PORI_Teth_acti:0.0306095068488381):0.00818253209587573,NC010496_PORI_Sube_domu:0.0635887745141659):0.00935027367123019,(NC006894_PORI_Axin_corr:0.0398670017628165,NC023834_PORI_Poly_litt:0.038697906022699):0.0102528994734739):0.00872234463076764,(NC006990_PORI_Geod_nept:0.0942518743446646,NC016431_PORI_Euna_subt:0.0316225101974646):0.0133752716218664);
1
5.71213
0.608868
2148
35.5117
0.648999	0.304981	0.382003	0.210809	1.63235	0.690778	0.313075	1.33488	0.164114	1.79376	0.660028	0.461435	0.209444	0.247266	0.140598	1.12429	0.630978	0.78039	0.39816	0.564109	

1.67841	0.246696	1.88363	0.209539	6.69442	0.362177	0.446094	0.0833242	0.325385	1.22704	0.45414	1.99844	1.08983	0.0213742	10.161	8.24742	6.34414	0.0447793	0.169947	0.016242	0.283036	0.422114	0.104602	0.186233	0.978912	0.826724	1.24914	2.14261	3.27964	0.179947	0.711031	2.88389	4.08336	2.95673	0.478502	0.15752	0.242805	5.77459	0.0226421	0.419521	0.765506	0.00844611	0.136227	0.0806364	0.270195	2.85228	0.00442143	1.27718	0.0487165	0.71832	0.324177	0.136261	0.172009	0.408756	0.00375373	0.701779	0.237648	0.0397638	0.956063	0.0291751	0.408153	0.724192	0.237052	2.04699	1.19189	1.11455	0.243593	0.57513	0.0189125	0.0220051	0.0124923	0.184406	0.503416	0.358896	1.85354	0.8452	0.162138	0.100624	0.0574208	0.0200353	0.275403	0.228082	0.358456	0.356257	5.09012	0.11934	0.0822135	0.45064	0.0302717	0.116614	0.387552	0.442244	0.216207	0.197112	1.96824	0.285277	0.18383	0.0820557	0.0929189	0.0283648	0.370397	0.121879	0.525095	2.37057	0.412441	4.0993	0.417938	0.467863	0.335166	0.0905376	0.0849375	1.61084	0.26904	3.63285	5.30271	0.384782	0.112334	0.24409	0.152168	0.0651938	2.41068	17.2734	0.166639	0.415357	0.486583	1.41324	2.37568	0.0885008	2.19323	10.6735	1.28783	1.40083	1.27243	0.332578	0.170674	5.01903	0.113715	0.109334	0.626384	0.121653	0.161975	1.11132	2.32181	0.234387	0.335285	0.325241	0.200182	1.13864	0.222588	0.276513	2.96413	3.44144	0.612512	0.234339	0.725291	1.05305	0.251547	2.21056	1.03635	0.100099	0.172666	0.507288	0.643541	0.0415339	1.56622	1.29349	0.653109	0.084744	0.316108	2.66939	0.649887	0.614281	0.21879	0.206511	0.693072	0.259722	0.939557	0.720893	0.0356703	0.2049	7.52009	0.956999	1.09549	0.540238	4.06925	0.14023	0.0460833	0.226092	0.219593	1.14902	

0.0351073	0.00350507	0.0152414	0.000212226	0.0504729	0.0110051	0.00597496	0.265767	0.0001446	0.240029	0.0117429	0.0120197	0.0047229	0.00732373	0.00014647	0.0495989	0.0655684	0.183116	0.00292675	0.0353742	
0.00958458	5.29489e-08	0.0827163	0.168178	0.0327778	0.0440823	0.0968134	0.0123691	0.0915103	0.0256401	0.000360607	0.0945419	0.0187523	0.0323339	0.0153101	0.143004	0.0649719	0.000130233	0.0217153	0.0452078	
0.038664	0.0182062	0.00273867	0.0138279	0.0777039	0.0928107	0.0258959	0.200205	7.45718e-08	0.0662035	0.00664553	0.0988127	0.0136166	0.00161342	5.84883e-06	0.0302643	0.15492	0.152919	0.000277579	0.00466897	
0.0288237	0.0130547	0.00756502	0.0603251	0.0897004	0.0227459	0.038252	0.0808228	0.0650017	0.111852	0.00677758	0.05665	0.000231939	0.0180626	0.0329774	0.0687096	0.0395258	0.0450272	0.0305521	0.183343	
0.0259632	0.00556299	0.0518046	0.0596473	0.0821007	0.0134622	0.0171086	0.0454801	0.0352714	0.135725	0.0305132	0.10539	0.176889	0.046922	1.34989e-07	0.0770346	0.0439157	0.0365837	0.000644723	0.00998107	
0.0799872	0.00376572	0.0105755	0.0129471	0.134449	0.06427	6.86628e-06	0.136932	9.21703e-06	0.182299	0.0300457	0.000329447	0.0782652	0.0029365	2.70496e-05	0.0642409	0.0776698	0.0659795	0.00766088	0.0476044	
0.0501991	0.0143265	0.00283869	0.00802128	0.184064	0.0379131	0.000123789	0.200952	6.75262e-12	0.265777	0.0266449	0.00257175	0.00476134	0.000322802	4.39632e-05	0.0356089	0.0356726	0.0572116	0.0337751	0.0391716	
0.332047	0.00187197	0.0679086	1.39508e-06	0.131551	0.145362	0.0221155	0.0288742	3.66823e-06	0.103991	0.00438008	2.67422e-07	0.0175817	0.000730068	0.0981904	0.0148457	0.00410988	0.00188734	0.0187681	0.0057804	
0.0460996	3.43815e-06	0.00533771	0.00466093	0.129555	0.0153772	0.144738	0.11026	0.00711597	0.161029	0.0681169	0.114725	0.00272498	3.47766e-05	0.0347715	0.0696916	0.00641415	0.0584009	0.00101821	0.0199242	
0.00489744	0.00562623	3.42039e-07	0.000435835	0.335672	0.236829	0.0287154	0.0194991	0.000184336	0.0269222	0.00413661	0.0457688	0.000692204	0.0112006	0.0127702	0.0416921	0.0282559	0.0244732	0.0418879	0.13034	
0.0141122	0.0180194	6.66025e-05	2.84867e-08	0.215257	0.0628122	0.000274185	0.229619	0.000116425	0.298583	0.000541411	2.24049e-06	0.0132545	0.00939488	5.00679e-07	0.0102926	0.00234645	0.124982	8.54807e-05	0.000241117	
0.150838	0.020177	0.000773212	6.37844e-05	0.139225	0.0283289	0.00741556	0.0837768	0.000284098	0.109551	0.0462322	0.0325883	0.00243777	0.000502548	1.80197e-06	0.13078	0.0327411	0.0705395	0.00589504	0.137848	
0.0144204	0.0294347	0.0158088	0.000596801	0.211705	0.0278506	0.000756643	0.156478	4.60239e-05	0.113771	0.00751845	0.0142254	2.70374e-06	0.00569043	0.00293233	0.0228196	0.048719	0.105155	0.169139	0.0529296	
0.0729348	0.00152771	0.0362305	0.0205074	0.0842623	0.26996	0.0204264	0.0533008	0.0177408	0.0665847	0.0113276	0.0696316	0.00521832	0.0398094	0.0114974	0.140279	0.00882846	0.00326946	0.035118	0.0315454	
0.0793292	0.000177874	0.00821009	0.000130368	0.0787151	0.0107659	0.024641	0.0469125	0.000306793	0.0412106	0.0113423	0.00348086	0.374317	0.01958	0.024727	0.0437533	0.0549544	0.0428534	0.0668051	0.0677873	
0.0887258	0.00295768	0.000740392	0.0020652	0.200863	0.053724	0.000222285	0.120466	0.00208253	0.204244	0.0545275	0.00601915	0.010937	0.000245992	2.19368e-09	0.047067	0.0370399	0.0860638	0.0257838	0.0562251	
0.0151912	0.000874428	0.110588	0.0282395	0.0999495	0.00855464	0.0120826	0.047193	0.050966	0.0588288	0.0183544	0.0923608	0.032303	0.0252749	0.0400638	0.211934	0.0584229	0.0179581	0.0181205	0.0527405	
0.126913	0.0280592	0.000653908	0.000104168	0.0738187	0.0219454	0.00011643	0.26123	5.14847e-07	0.246454	0.0522644	5.47498e-06	7.96299e-05	0.00302064	3.35216e-05	0.00403767	0.0309369	0.127602	0.0190617	0.00366372	
0.0731082	0.00418912	0.0732344	0.0779104	0.263266	0.00344068	0.000378095	0.0887745	4.43395e-05	0.115947	0.0300388	2.99968e-05	2.3539e-08	7.61445e-05	0.00199253	0.0069895	0.106618	0.0621423	0.0894609	0.00235945	
0.0220846	0.0134861	0.006653	0.000898323	0.183898	0.0297511	0.0600932	0.292568	0.000126042	0.144234	3.20459e-05	0.00244297	2.71375e-05	4.49143e-09	2.79965e-10	0.0346696	0.0078719	0.0861166	0.0985099	0.0165375	
0.000564726	0.0029161	0.0262572	0.0826261	0.138234	0.236069	0.00212224	0.047022	0.000108203	0.225825	0.0317479	0.000909066	0.000188366	2.59781e-06	0.00300529	0.0742458	0.0620579	0.00272219	0.0502441	0.0131332	
0.00626807	0.0315045	0.00143811	1.87797e-06	0.138209	0.0388535	0.00438551	0.210628	1.90032e-14	0.118446	0.0345053	0.000412921	0.00165209	0.000997825	6.3685e-10	0.194445	0.107496	0.101696	0.000618799	0.0084414	
0.0265549	0.00383319	0.10626	0.0116025	0.0783413	0.0951321	0.0265505	0.0768461	1.10179e-08	0.170662	0.0957907	0.103436	0.0195559	0.01247	0.000351109	0.0853442	0.0281751	0.037653	0.00126283	0.0201783	
0.067957	0.0707812	0.00909461	0.00344685	0.257933	0.0303838	0.0003854	0.152331	5.26553e-05	0.0653434	0.0379762	0.0456761	0.0155691	1.38288e-06	3.64425e-06	0.0878537	0.0396697	0.115457	7.836e-05	5.91391e-06	
0.0151545	0.00796916	0.0163869	0.00800717	0.0334606	0.0155161	2.17604e-05	0.171263	0.00036367	0.0313824	0.00197689	0.164582	0.00152777	0.0268454	6.75915e-06	0.248447	0.00126583	0.00886498	0.181906	0.0650522	
0.0759664	0.0033475	0.000539494	0.0281044	0.0416878	0.0254395	0.0977253	0.152554	0.000391049	0.164485	0.0316783	0.000568719	0.00872429	0.0086912	4.41753e-05	0.148378	0.0128752	0.0313173	0.0013981	0.166084	
0.0305194	0.00428625	0.00722117	8.31467e-08	0.0287434	0.048146	0.00726335	0.0395726	0.00673314	0.414414	0.0384296	0.0383442	5.56086e-05	0.00347605	0.0212243	0.041706	0.00788429	0.0513348	0.00667759	0.203968	
0.00536665	0.0139318	0.0395313	0.000201475	0.502184	0.127905	0.000694616	0.0698779	2.76081e-05	0.0446189	0.0448766	0.000304415	0.00177641	0.000818451	0.000990954	0.0145659	0.00658032	0.0310805	0.0533893	0.0412773	
0.00270136	0.0132395	0.181588	0.000320687	0.0417481	0.0167454	0.0390735	0.0479868	0.00979413	0.0548546	0.00258833	0.00675043	0.44128	0.000977965	0.0550304	0.0301184	0.0237703	0.0305643	7.84787e-05	0.00078914	
0.0211948	0.0310161	0.00163328	1.05054e-05	0.0923126	0.0135652	0.00381391	0.0125999	0.000603408	0.0747866	0.0450933	0.00520748	0.0104442	0.000242564	8.44621e-08	0.0942989	0.448339	0.00010187	0.00301397	0.141723	
0.0112309	9.36629e-05	0.0232778	0.000710271	0.112279	0.00394705	0.000148892	0.210383	1.03475e-06	0.418775	0.0510995	0.0335636	4.35509e-05	0.00166627	7.34434e-05	0.0385649	0.00289277	0.0516582	0.0254758	0.0141156	
0.0888396	0.0103981	0.00158714	0.00249081	0.104751	0.143257	0.0339757	0.105987	0.00527599	0.215418	0.0432228	0.0188987	0.0110192	0.00167165	0.0207055	0.173856	0.00483491	0.00206701	0.000725923	0.0110184	
0.0947606	0.0142587	0.000957125	0.000196789	0.138869	0.118337	0.0175218	0.0479702	3.07306e-07	0.0611325	0.0665042	0.00312482	0.0010195	1.29354e-06	0.00114684	0.0381305	0.0973334	0.290147	0.00835077	0.000237536	
0.0124006	1.28705e-05	0.0101769	0.0418511	0.130386	0.0141975	0.00244492	0.0570911	0.0394598	0.11512	0.0719652	0.0870343	0.000582461	0.00790715	0.0269574	0.0778119	0.105519	0.0327489	0.0897288	0.0766035	
0.0278326	0.010626	0.00979789	3.93368e-05	0.11964	0.0206738	2.51526e-05	0.0800502	9.60267e-06	0.539117	0.0101147	0.0261669	0.00139677	0.0196465	1.35852e-11	0.0331377	0.0189908	0.0766078	0.00449857	0.00162923	
0.0249462	0.00861832	0.00480407	0.0358625	0.0614542	0.00496947	0.0158232	0.0772484	0.141694	0.112711	0.0468454	0.0275841	0.0328233	0.146749	0.0398349	0.0504831	0.0358381	0.058009	0.0227937	0.0509087	
0.176839	0.0425261	0.0680232	0.000132996	0.101674	0.007895	0.00702816	0.110922	0.00207741	0.0390471	0.203301	0.00186814	0.0430745	1.21068e-06	0.000219228	0.014195	0.0376345	0.031406	0.0301201	0.0820159	
0.0341229	0.00495546	2.6677e-06	0.00660014	0.0399978	0.218294	4.72153e-06	0.11076	1.39425e-07	0.242295	0.00201675	0.0126729	0.0412321	1.21728e-07	0.00700777	0.0869799	0.0629325	0.108078	0.0014035	0.0206438	
0.0818321	4.88978e-05	0.0148819	2.96166e-05	0.278895	0.016496	0.0032751	0.0590295	2.82506e-10	0.248815	0.0721646	0.0119061	0.000786369	0.000376128	1.37256e-05	0.0123559	0.0843513	0.0986852	0.0101234	0.00593369	
0.0114945	0.112323	0.00324301	7.97483e-06	0.173686	0.330438	1.24168e-08	0.0210754	0.000261772	0.235614	0.0200022	0.00118416	0.00899236	2.82676e-06	4.37362e-05	0.02978	0.00867272	0.0368981	8.31268e-06	0.00627188	
0.0488319	6.27316e-07	0.0992685	0.0626984	0.110216	0.00418314	0.000156937	0.0146273	0.190657	0.0942861	0.0170643	0.011857	0.0368958	0.0733605	0.00584995	0.0421253	0.00374373	0.022689	0.0143843	0.147104	
0.0150453	1.38917e-07	0.000381885	0.00499034	0.192932	0.0109906	0.00148777	0.229306	0.000575955	0.116234	0.0388533	0.00263941	0.073524	0.00147202	0.000369856	0.026348	0.138821	0.113573	0.0300049	0.00245095	
0.000547195	0.000162479	0.00276025	1.70876e-06	0.311922	0.170523	2.48987e-05	0.00953808	7.01907e-05	0.087453	0.0504444	0.017262	0.000565942	0.0897833	5.84488e-07	0.191417	0.0214838	0.0394507	0.00282497	0.00376461	
0.147426	0.0346592	0.00156994	0.00184727	0.308632	0.102418	0.00463987	0.0573587	0.000313163	0.134336	0.0415557	0.0315461	8.27297e-12	1.80161e-05	1.72986e-05	0.0504599	0.0197252	0.0371682	0.0105615	0.0157479	
0.0492634	0.0298032	0.0261482	0.0536606	0.144063	0.000103753	3.92559e-10	0.134847	2.14382e-07	0.375828	0.0592752	0.0239648	0.0104652	0.000366588	2.61341e-06	0.0129203	0.0141223	0.0134999	0.0504998	0.00116554	
0.232351	0.144692	0.00313504	7.50098e-06	0.0308969	0.0331434	0.00328311	0.105848	0.0029449	0.0224981	0.0114176	0.0391884	0.000326919	0.00253944	9.56138e-06	0.334062	0.0324685	0.00029244	4.16137e-05	0.000853595	
0.0240685	0.000498793	0.0038313	0.00135764	0.224395	0.0407688	0.0455384	0.113905	0.00299135	0.0993899	0.0154289	0.000606052	0.00475011	0.0280168	1.03839e-06	0.060372	0.263963	0.0128963	0.0148803	0.0423394	
0.056309	0.0676831	0.00355985	2.0169e-07	0.119943	0.118933	0.0519607	0.211012	7.79134e-05	0.0490729	0.032231	0.0184048	0.0113768	0.00189316	0.00602636	0.022678	0.0145708	0.182995	0.0300956	0.00117575	
0.0080049	0.00989633	4.57543e-05	0.00276759	0.110341	0.0797005	0.0129763	0.0581555	0.0103468	0.072633	0.0224606	0.00572133	0.00324183	0.124113	0.0132762	0.031886	0.0398107	0.0214045	0.011825	0.361394	
0.0227165	0.0167419	0.000207136	0.000167472	0.112338	0.0622744	0.0939399	0.0374956	0.000207763	0.0535592	0.0166849	0.22823	0.00013461	0.0107735	8.96943e-09	0.164495	0.127564	0.0102646	0.00104685	0.0411582	
0.155078	0.0061623	0.0130085	3.46672e-06	0.0409902	0.027328	0.0281789	0.237612	0.0500978	0.0959285	0.00682664	0.00386079	0.00215957	0.00485067	9.63112e-05	0.236857	0.0282835	0.0428363	0.000430424	0.0194116	
0.113787	2.86232e-05	7.4325e-05	7.37457e-11	0.0608947	0.00659144	0.000297345	0.0803415	0.000137902	0.0759027	0.0339853	0.142282	0.217473	0.0057614	6.40678e-08	0.14522	0.0127901	0.0765653	0.00334018	0.0245275	
0.000267607	4.27803e-08	0.000378148	0.0481609	0.0411033	0.0703309	2.74543e-05	0.350944	0.00411393	0.158809	0.0281698	0.00266821	0.00303265	0.0276387	0.00902602	0.00666903	0.0158385	0.0573065	0.0914442	0.0840711	
0.0217305	0.000402098	3.72712e-05	0.00417655	0.0209967	0.0133819	1.06953e-05	0.123323	7.10091e-06	0.0381119	0.00793074	0.0616799	0.00140048	0.001127	9.73064e-06	0.163755	0.072071	0.215044	5.56376e-05	0.254749	
0.133955	0.000778873	0.0178196	0.140054	0.0764806	0.000111231	0.00938568	0.0468744	0.0356568	0.0458217	0.0197895	0.103012	0.000310345	0.0889156	0.000137584	0.0545926	0.163314	0.0445605	0.0059097	0.0125202	
0.221473	0.00399406	8.63396e-06	0.00252795	0.109925	0.00183842	2.04652e-06	0.0810271	2.682e-08	0.120793	0.0445455	0.031297	0.000139858	0.00764146	9.29298e-08	0.276214	0.0750861	0.0109736	0.00285859	0.00965525	
0.0316839	0.0112629	0.00598105	0.00651087	0.157318	0.0205945	0.0383159	0.208812	0.00562165	0.19644	0.0162851	7.62227e-05	0.00951707	0.0185428	0.00215	0.00250514	0.136277	0.0775403	0.0510343	0.00353079	
0.0257528	0.0145802	0.0991663	0.0187712	0.100895	0.0105656	0.0153893	0.0730371	1.00916e-05	0.314177	0.0390614	0.00919121	0.00237675	0.0060091	5.9245e-10	0.0921746	0.0891864	0.0717985	0.000197748	0.0176593	
0.00122347	0.000428394	0.000159999	0.056694	0.161485	0.0350939	0.000145985	0.48528	1.6804e-06	0.111875	0.065393	0.0049958	0.0217622	1.25135e-05	0.00103577	0.035138	0.0148452	0.00388002	7.58335e-05	0.000474924	
0.0940492	0.000161823	0.0678301	0.0157832	0.327402	0.0559685	0.13673	0.0905532	0.00293642	0.00391359	0.000183823	0.00131415	0.00176006	9.73071e-05	0.00693968	0.0290013	0.0112353	0.0338712	0.00436722	0.115902	
0.268659	0.0102825	0.00355474	0.000117054	0.162924	0.0419664	0.00101845	0.00410233	0.000284724	0.102217	0.0254869	0.000124366	0.000329269	0.0193878	0.0101847	0.301997	0.00181079	0.0135375	0.0254625	0.00655303	
0.112817	5.49736e-05	0.00547571	4.08831e-07	0.0159454	0.0438891	1.11734e-05	0.4964	1.72115e-05	0.0309364	0.000634566	4.77893e-07	0.00774423	0.00473264	3.75702e-09	0.0636045	0.00425947	0.185251	1.75003e-05	0.0282082	
0.00222921	0.00729837	2.63585e-05	0.00186588	0.242026	0.0784135	0.0510788	0.273313	3.71446e-16	0.243447	0.0170344	0.000232195	1.76141e-07	0.0284688	0.00953033	0.0137747	0.00321244	0.00489651	0.0127892	0.0103625	
0.0473645	0.0742282	0.00166815	1.78246e-05	0.072265	0.00953476	0.00172363	0.0464014	9.55714e-07	0.162842	0.043944	0.00304035	0.0244407	0.0178569	0.00710479	0.232915	0.112445	0.128601	1.51484e-07	0.013605	
0.0798283	3.91066e-07	0.0509284	0.0271297	0.116539	0.0451681	0.0552195	0.00647857	4.72719e-07	0.189809	0.10001	0.0384992	0.0467634	0.00892439	6.67055e-12	0.0318402	0.00727565	0.133548	0.0043331	0.057704	
0.0118127	0.000479172	0.00791776	0.000126172	0.150447	0.062979	0.0553594	0.0976482	4.10301e-05	0.0172932	0.00168476	0.0397001	0.000304524	0.075338	3.95435e-06	0.0132881	0.00834782	0.436245	0.0116749	0.0093094	
0.000753621	0.00415274	0.00184945	0.080901	0.0225403	0.224996	0.0100414	0.0949705	0.000108703	0.151645	0.175815	0.0343074	3.20778e-05	3.79242e-05	5.79573e-05	0.0539283	0.0714636	0.0472679	0.000534171	0.0245958	
0.0624916	0.00491526	0.0270876	0.00195442	0.189049	0.0772689	5.6856e-06	0.0101431	2.14193e-06	0.231398	0.00753869	0.15276	0.0295747	0.0611386	6.04237e-06	0.041728	0.0283831	0.0585315	0.00146999	0.0145538	
0.0258441	0.271076	0.000974994	0.00102028	0.0191504	0.0408229	0.0235791	0.0542359	0.000463603	0.0363979	0.00651456	0.164777	0.0104383	0.000524488	0.00115119	0.118595	0.0916438	0.129602	0.000205477	0.00298234	
0.129048	0.000505795	0.000608805	0.0205997	0.277254	0.0242044	0.0013447	0.114853	0.0216346	0.139883	0.00383373	3.3217e-05	5.27704e-06	0.00159909	0.000689099	0.0323277	0.00426131	0.222876	0.00430788	0.000130324	
0.0554759	0.00859288	0.0207922	0.000125942	0.220344	0.00432649	0.0163706	0.0300993	1.86412e-06	0.119006	0.041741	0.01212	7.64565e-05	0.0389296	0.00877725	0.0665898	0.0441749	0.00860153	0.269816	0.0340382	
0.0684964	0.00161619	0.00113696	0.0830323	0.030848	0.00585758	0.20318	0.205255	0.00231182	0.0708292	0.0376971	0.0327298	0.00271441	2.53353e-08	0.00549714	0.125702	0.0230267	0.0574273	0.00334109	0.0393002	
0.0659368	0.0346891	6.89811e-05	0.000262778	0.110056	0.0139484	0.01203	0.137953	0.0102753	0.194739	0.122173	0.0103211	0.164661	0.00280697	0.0112306	0.0586635	0.01405	0.0235694	0.00962043	0.00294548	
0.0847675	0.004008	0.0116434	8.76451e-07	0.0557279	0.0594851	0.0640691	0.434203	0.000214995	0.020919	0.14577	0.0279767	5.70899e-05	5.30182e-09	0.014932	0.0441205	0.00030513	0.0187096	0.00243029	0.0106605	
0.00322512	0.0105808	0.00429944	4.55046e-09	0.117564	0.00355386	0.0014365	0.0921096	0.00226533	0.264437	0.0335647	0.00591389	0.000355719	0.00131015	1.22714e-06	0.0276978	0.29061	0.137051	7.86788e-05	0.00394555	
0.021448	0.000185513	0.0638421	0.00233513	0.116084	0.0363041	0.000340255	0.0657848	0.0201565	0.450311	0.0181189	0.0349632	0.000632314	0.000197055	0.000798692	0.059587	0.0087918	0.00743864	0.0664124	0.026269	
0.113564	0.068793	0.012859	5.59451e-10	0.118859	0.027391	0.133122	0.0327992	0.0981848	0.0332677	0.0536588	0.0153288	0.0141647	6.03981e-05	1.92788e-12	0.144197	0.00763964	0.0132203	0.0481157	0.0647749	
0.00420873	0.0102173	0.0188597	0.00621877	0.0309606	0.00718283	0.0605608	0.13153	0.000601857	0.143858	0.0368714	0.218973	0.000693161	0.00348434	0.0128366	0.0335705	0.0428254	0.217361	8.42367e-07	0.0191847	
4.13332e-05	1.92754e-09	0.0656702	0.000212012	0.125874	0.095279	0.0148625	0.0446565	0.00186005	0.0443242	0.12646	0.151141	0.000107064	0.0177413	0.19043	0.0721967	0.0122082	0.000201009	0.00442044	0.0323137	
0.0275445	0.024605	0.0127651	0.00121228	0.158595	0.0867789	0.00183973	0.00803543	0.035185	0.366628	0.0869307	0.00547288	0.000609547	0.0142082	1.31636e-06	0.128919	0.0196543	0.010284	0.00133239	0.00939833	
0.0332526	0.00129646	0.00434691	9.96955e-05	0.0295982	0.0119008	0.00704268	0.0166412	0.208262	0.109472	0.00241911	0.072957	0.0153357	1.62233e-06	0.00112419	0.200107	0.0773373	0.0485552	0.00103313	0.159218	
0.0734693	0.00202228	0.117989	0.0261661	0.183917	0.0463107	5.6681e-07	0.030038	0.00441929	0.244122	0.0423889	0.117129	0.00341332	3.48428e-05	0.00193513	0.0435572	0.00993143	0.00856666	0.0220996	0.0224884	
0.0473337	0.035737	0.0178601	0.0118569	0.150662	0.0518077	7.02217e-06	0.14653	0.0261961	0.135327	0.00277322	0.0401629	0.149616	0.00165915	5.95557e-11	0.037998	0.0194579	0.000127408	0.053928	0.0709599	
0.0163891	0.0163304	3.01149e-09	0.0312395	0.165172	0.0720331	0.000120395	0.187485	1.85345e-07	0.131886	0.105234	0.0128598	1.166e-15	0.00398782	0.028435	0.000812328	0.0419727	0.149154	0.0159761	0.0209122	
0.000393165	0.0299017	9.58069e-05	0.0480075	0.240083	0.110872	0.0182151	0.0184711	0.00217667	0.228912	0.0185056	0.0773287	4.60284e-10	0.00960453	0.00172725	0.0139673	0.00659373	0.000577787	0.0502299	0.124337	
0.000385411	0.00744033	0.00401126	0.0170586	0.0338658	0.0292047	0.000880393	0.0508652	3.17797e-06	0.513036	0.000575753	0.00708457	0.136215	2.1907e-05	0.000274868	0.165086	0.00914054	0.000619474	0.0189699	0.00526107	
0.239226	0.0040642	0.00424552	0.00109348	0.0588066	0.0127777	0.0320825	0.023622	3.82542e-06	0.28012	0.025162	0.0189448	0.000421091	0.0698828	0.000643518	0.0881606	0.100127	0.0151171	0.0152375	0.0102626	
0.0863479	0.0757056	0.046079	1.01282e-05	0.164446	0.0958784	0.0197667	0.129052	0.0118378	0.0626525	0.0467959	0.0109926	5.83365e-06	0.00604142	1.6451e-05	0.0480519	0.001233	0.00380564	0.0072296	0.184052	
0.0958023	0.0259422	0.00185894	0.0304402	0.0740924	0.0225225	0.211719	0.0241236	1.71473e-06	0.34264	0.000693997	0.0196311	0.00376494	0.0620895	0.00547626	0.0185565	0.0175922	0.010611	0.00646961	0.025972	
0.126194	0.0203707	0.0478214	0.0151001	0.0434969	0.0131139	0.0973003	0.0338251	0.00105738	0.0371988	0.0249403	0.00084902	0.000115508	0.0122634	4.12653e-12	0.486853	0.00863325	0.0105118	5.2847e-05	0.020303	
0.0692087	0.0614321	0.00131035	0.00130714	0.0359908	0.0344127	0.0995442	0.0224625	4.56133e-05	0.0299839	0.00110089	0.040241	0.00126628	0.115899	4.94622e-05	0.195782	0.0729417	0.0766276	0.00115217	0.139242	
0.00868663	0.00850354	0.102264	0.129263	0.0113435	0.0815441	0.0115811	0.0590055	0.062095	0.0459283	0.023301	0.111299	0.00223535	0.0555366	0.00481671	0.0191042	0.148674	0.0445445	0.0419123	0.0283613	
0.0842549	0.0817391	0.0266261	0.00216164	0.170572	0.0335375	6.10234e-05	0.0230567	2.76346e-06	0.179062	0.0461722	3.95941e-07	0.00680508	0.00829957	0.00916334	0.195141	0.0380052	0.0175039	0.0334246	0.0444102	
0.0959169	0.000764273	0.0447757	2.9219e-06	0.0286641	0.108976	0.0388712	0.244402	0.000109682	0.164005	0.00782906	0.0128749	7.27419e-05	0.000244135	5.84791e-08	0.140418	2.42212e-05	0.0171516	0.0421017	0.0527956	
0.0945424	0.000192195	0.108356	0.0291437	0.0773275	0.102235	0.00159522	0.0176396	0.000530208	0.0551489	0.0157702	2.27174e-06	0.00703939	3.05377e-05	0.26487	0.0577742	0.134472	0.00406707	0.0212917	0.00797133	
0.307983	0.000208591	1.02845e-05	5.2247e-11	0.117363	0.111792	1.44474e-05	0.080856	0.00108342	0.206888	0.0197078	0.000721823	6.02231e-06	0.00532745	0.00770508	0.0212257	0.00209475	0.0315802	0.0599268	0.0255053	
0.0323337	0.0210037	0.000259018	1.75649e-06	0.0680731	0.0260224	0.0831701	0.0626319	0.137299	0.0727858	0.0177419	0.164904	0.0024008	0.0277288	0.0504978	0.179574	0.0121365	0.0144898	0.0239913	0.00295506	
0.051764	0.0661324	0.0203302	0.0028715	0.0924549	0.0327905	0.000912374	0.0769068	1.03722e-06	0.122572	0.0610833	0.0196126	0.000161722	5.94743e-05	1.44248e-06	0.0652996	0.111119	0.203571	0.061392	0.0109642	
0.0322977	0.00787245	0.018826	0.0357289	0.0714693	0.0417607	0.000133116	0.0349154	0.000856104	0.274972	0.0536385	0.00860941	0.000331567	0.0123068	5.6386e-10	0.248453	0.0224113	0.0352806	0.0134087	0.0867282	
0.0529965	0.0382747	7.5777e-06	0.0402748	0.156524	0.0314288	0.00966499	0.081562	7.23108e-05	0.120753	0.00445694	0.00253908	0.0140995	0.000425983	0.00041412	0.303032	0.0148777	0.080078	0.0477665	0.000751324	
0.0703711	0.00389344	0.0349072	0.0150176	0.0477935	0.0104517	0.00377357	0.216235	0.000160733	0.0547347	0.00955341	0.0440268	0.00895662	0.00588614	0.00265894	0.129403	0.0500962	0.0709346	0.0896078	0.131538	
0.106791	0.00075168	0.00721909	0.0647407	0.106184	0.0618738	0.00154202	0.0467861	0.000242207	0.0428024	0.0243228	0.00764188	0.00382286	0.0940241	0.00121315	0.132823	0.23412	0.0444586	0.00135181	0.0172879	
0.148913	0.00234534	0.00136522	0.0104025	0.161422	0.0140823	0.0908503	0.00951143	4.32719e-08	0.365793	0.00788234	0.000435215	2.73752e-09	6.76203e-06	0.00139648	0.0438497	0.00090974	0.00601379	0.0537799	0.0810404	
0.00227607	0.0113943	0.01908	1.56634e-05	0.122782	0.0392259	0.000195101	0.236869	3.14875e-05	0.153686	0.0395638	0.0230145	0.00106852	1.76594e-10	1.10697e-05	0.10445	0.0344271	0.129015	0.000274203	0.0826206	
0.0231223	0.000244308	0.0012231	0.0412616	0.0828071	0.289431	0.0234985	0.268819	0.015385	0.0156369	0.046922	0.0217666	3.06826e-05	4.54454e-05	1.22907e-09	0.00867041	0.0504596	0.10599	0.000426176	0.00426039	
0.00387358	0.148576	0.0017951	0.0297441	0.068886	0.0287023	2.02137e-05	0.0160486	0.011816	0.201929	0.0228557	0.000968294	0.000118427	0.00777186	0.030669	0.111918	0.0646458	0.231416	0.00760802	0.0106383	
0.00255437	0.00340981	0.0677943	0.0109952	0.0316239	0.073042	0.0164436	0.0735736	0.0256362	0.0620804	0.00680464	0.0687991	0.162909	0.162113	0.000508636	0.139971	0.000744254	0.0543967	0.000279258	0.0363212	
0.0943423	0.000377791	0.015858	0.0818379	0.0413746	0.0330566	0.0369736	0.029694	7.04814e-07	0.167827	0.0343022	0.176831	0.00272722	0.00538242	0.0030993	0.0292991	0.0669854	0.0629558	0.0334646	0.0836106	
0.0178183	9.42079e-06	0.000153653	0.115192	0.149989	0.222529	0.0504532	0.0998698	1.9092e-07	0.061706	0.00575154	0.0335934	0.0063097	5.96147e-05	0.00235942	0.117483	0.0760326	0.00527921	0.00535383	0.0300575	
0.0146741	0.00134724	0.0111978	0.00388419	0.170893	0.0255493	0.173355	0.0874454	4.23134e-06	0.119189	0.0260614	0.0957959	0.0226583	0.00930695	0.0260949	0.0272158	0.128482	0.0146659	0.0044255	0.0377542	
0.0647352	0.0093278	0.0549187	1.66787e-05	0.130588	0.010039	0.128344	0.053329	0.00218387	0.167386	0.0324517	0.012936	6.98251e-06	0.0601679	0.000449731	0.187285	0.0467136	0.0315402	0.00735737	0.000223039	
0.00414469	0.0968077	0.000423134	0.00369405	0.117637	0.0345356	0.000352715	0.158503	1.19392e-08	0.173431	0.0075005	0.00207511	2.20505e-05	0.00282069	0.000161449	0.103569	0.109181	0.131881	8.86564e-05	0.0531718	
0.143421	0.00651101	0.0134954	0.0180023	0.455433	0.0148148	9.83692e-05	0.0366312	3.45475e-05	0.0967871	0.00144933	6.38931e-05	2.47471e-05	0.0160611	0.00266767	0.0171334	0.0994514	0.044544	0.00997177	0.0234036	
0.0301342	4.95894e-05	0.148889	3.70745e-05	0.256178	0.0383945	4.75945e-06	0.109577	3.84649e-09	0.0828051	0.00380397	0.0278602	0.0168411	0.0762105	6.36665e-07	0.0273996	0.00906195	0.120306	0.0234002	0.0290473	
0.0156134	0.00051205	0.0475914	0.137573	0.0151094	0.0675137	3.56169e-05	0.10809	0.00531417	0.0261866	0.0208319	0.033123	0.0482871	9.43466e-05	0.000296601	0.284886	0.0188265	0.0738584	0.00589045	0.0903658	
0.0480017	0.00589019	0.00562904	0.000408908	0.0440397	0.0539199	0.0123908	0.150825	6.479e-08	0.370173	0.00664741	0.206115	0.0269999	4.1447e-05	0.00102627	0.0127067	0.0432217	0.0103685	0.00110721	0.000487547	
0.120965	0.000605619	0.0202583	0.00254098	0.105191	0.0170469	0.0056017	0.110934	0.00193522	0.270604	0.018886	0.0382448	5.2591e-05	6.9278e-07	3.30958e-06	0.0808997	0.0129333	0.157895	0.00802429	0.0273783	
0.0313185	0.000504902	0.00095142	4.3032e-05	0.0876297	0.0288545	0.00246931	0.111384	0.0422683	0.156084	0.0102177	0.026646	0.227239	0.0131051	0.000634151	0.0475238	0.0450867	0.0217895	0.137064	0.00918566	
0.191959	0.012413	0.00253888	6.58719e-06	0.00833371	0.00938981	0.00845703	0.010342	0.0176314	0.398431	0.0787041	0.00976152	1.09925e-05	0.000106841	3.58652e-08	0.145704	0.00672444	0.000573934	0.0988106	0.000100791	
0.0969384	0.011684	0.0590734	1.71489e-08	0.134171	0.00260354	0.00055491	0.144112	0.0153471	0.0742	0.0576732	0.161712	0.000829732	0.0267778	0.000556265	0.0296545	0.000139434	0.06626	0.00539019	0.112322	
0.210995	0.00225075	0.00279107	0.000138061	0.241201	0.00172853	0.00240369	0.165132	0.000672153	0.0463131	0.0165495	0.0208231	0.00972157	4.29594e-06	5.46423e-05	0.0882075	0.0233491	0.0329628	0.0214414	0.113261	
0.0809281	0.0703946	0.00310756	0.00039332	0.273422	0.0694707	7.14139e-07	0.1916	0.0760405	0.0523835	0.0261522	1.25943e-05	0.0312915	0.00265494	2.67222e-05	0.0572151	0.00108851	0.0559862	0.00345471	0.00437696	
0.05598	9.68791e-05	0.0446757	0.00157973	0.009732	0.0304421	0.000914283	0.0851534	0.0122145	0.413068	0.0438243	0.00188787	0.00374439	0.0163734	1.91592e-07	0.0523061	0.046288	0.0270021	0.0684584	0.0862591	
0.0945369	0.0145648	0.00244462	1.772e-06	0.224365	0.0468083	1.05495e-05	0.025376	0.0592337	0.100374	0.0251224	0.0781577	0.139297	5.08477e-05	0.0155581	0.0293491	0.0849322	0.0270297	0.013447	0.0193405	
0.0440491	0.0745251	0.000319727	0.066817	0.356043	0.00111193	0.0327723	0.000191755	3.18253e-09	0.10336	0.0919305	0.00652862	0.0609442	0.00578338	1.64239e-15	0.00850009	0.0914572	0.00631561	0.021175	0.0281752	
0.00169135	0.00189175	0.00525945	0.0363442	0.215486	0.0675695	0.00250801	0.0756713	6.46782e-08	0.205276	0.00641456	0.00255132	2.9264e-05	0.00868208	0.0814721	0.0375559	0.0343074	0.163437	0.000411252	0.0534418	
0.0155679	0.0101839	0.00270824	0.0535446	0.078677	0.00280526	0.0212881	0.0336317	0.0235274	0.223475	0.056433	0.0929353	0.0184222	0.0328192	1.80352e-10	0.0898346	1.19411e-05	0.160245	0.083601	0.000288679	
0.0825684	0.00783045	0.0575326	1.60491e-05	0.220712	0.0393813	0.0609024	0.0456017	0.0691309	0.205806	0.00903289	0.0601379	0.00241606	0.00672843	0.00384225	0.00624922	0.0969488	0.0152616	0.00299504	0.00690625	
0.0259659	0.000151552	0.00106376	0.0229312	0.326136	0.011086	0.0241013	0.16422	1.39507e-05	0.107949	0.0167791	0.00474031	0.0425065	7.70396e-08	0.00105114	0.0175639	0.104346	0.121639	0.000208538	0.00754582	
0.1894	0.00316606	0.0135555	1.4513e-06	0.128987	0.0596071	0.0137318	0.064121	0.00757136	0.107457	0.00538679	0.0596725	0.185554	0.0222682	0.00220068	0.0290997	0.0341883	0.0315934	0.00444505	0.0379928	
0.0471327	0.082874	0.0143775	0.0267221	0.109566	0.0015912	0.000128046	0.155699	0.000970857	0.209538	0.136817	0.00618589	4.72074e-09	0.0214009	5.31988e-08	0.0203651	0.0438209	0.00396892	0.100499	0.0183431	
0.00154547	0.000135888	0.00979124	0.0638319	0.169052	0.0850731	0.272441	0.216279	0.00119598	0.0555836	0.0307189	1.58988e-07	0.0345054	0.000399414	1.34894e-06	0.00817237	0.011434	0.00577057	0.00892797	0.0251415	
0.0218326	1.84391e-06	0.0128803	0.0101383	0.057342	0.0442925	0.00388728	0.219452	0.000162792	0.209105	0.00522391	0.10768	5.48404e-06	0.000124543	0.000367076	0.0214694	0.0519142	0.218837	0.00464964	0.0106344	
0.00032563	0.00337445	3.16641e-06	0.00735755	0.0481338	0.0239583	0.0108655	0.1083	0.0121126	0.188076	0.0258374	0.0536697	0.000655728	0.000314619	0.0335537	0.030392	0.0479428	0.0926341	0.0447683	0.267726	
0.0121865	0.00420291	0.0731862	0.00670744	0.0670277	0.0539204	0.00190523	0.287871	0.000687057	0.0358716	0.0116953	0.0164329	0.0083509	3.44854e-06	0.0015853	0.0533567	0.0118641	0.159717	0.000681273	0.192748	
0.00430355	7.05589e-05	0.0279949	0.00638638	0.0456627	0.0170868	0.0932768	0.0743601	5.23134e-11	0.0988717	0.0420203	0.169299	4.79256e-07	0.00579413	0.038126	0.0251606	0.00850423	0.330073	0.00317098	0.00983765	
0.12027	0.000537468	0.0863606	0.000729368	0.180571	0.000768146	0.00536891	0.0559297	0.0228331	0.0679051	0.0506713	0.000472347	0.198752	0.0383025	5.12106e-14	0.0275279	0.00572851	0.00343859	0.0927993	0.0410342	
0.0745598	0.0310513	0.0299085	0.169812	0.0714953	0.00354107	0.00399988	0.0200966	0.0164008	0.228373	0.00484092	0.000627875	0.0611211	0.0143413	0.000209665	0.141718	0.0302994	0.0170335	0.053801	0.0267685	
0.0309466	0.00746102	0.00310305	0.000334905	0.0512121	0.0545469	0.0121055	0.0668212	5.20597e-06	0.0982891	5.6955e-07	0.0583897	0.00391511	1.15292e-06	0.0769181	0.0965429	0.208665	0.0531937	0.116515	0.0610331	
0.0368643	0.000122654	0.0207398	0.0426305	0.06174	0.040306	0.0799621	0.078586	0.000113693	0.282202	0.000466189	3.85805e-06	0.0029107	0.0564737	0.0019608	0.0696441	0.0873305	0.0599548	0.0494824	0.0285064	
0.0711906	0.000641908	0.0714805	3.78669e-06	0.418963	0.00516829	0.00331849	0.00889172	0.000214667	0.0865202	0.00573017	0.0264606	1.63558e-05	0.000145172	0.0119157	0.223491	0.0558884	0.00498478	0.00491725	5.71964e-05	
0.0972007	0.0209838	0.00525618	0.0243022	0.101848	0.0953756	0.00377448	0.0290314	8.9998e-05	0.11878	0.0332628	0.0119363	1.01292e-05	0.0545418	2.77701e-06	0.214537	0.0107224	0.140571	0.0150572	0.0227164	
9.71474e-06	0.0221735	0.00650898	7.60655e-05	0.0377412	0.0297064	0.0107125	0.161565	1.82342e-05	0.241463	0.0101535	0.200345	0.0109095	4.84568e-14	0.0443822	0.0608468	0.0238273	0.0924724	0.000332157	0.0467571	
0.00252736	0.000770763	0.0298484	0.000563719	0.00678707	0.0349772	0.0119277	0.111789	0.0216634	0.252307	0.0224588	0.0390521	0.0342873	0.0089015	0.00899651	0.255769	0.0489816	0.0232326	0.00751951	0.0776398	
0.127622	0.0771873	0.110421	0.00564986	0.040146	0.0272262	0.00589203	0.0917079	0.0148815	0.10646	0.0201371	0.143156	0.0297463	0.000308535	0.000519158	0.0772391	0.0415688	0.00520068	0.0551826	0.0197481	
0.070644	0.00596953	0.0838946	0.0762617	0.166359	0.0840306	0.00204152	0.0846153	0.0085926	0.208679	0.00611788	0.0475467	0.000719571	0.00338828	5.6046e-05	0.079754	0.0423796	0.0212211	0.00678133	0.000947505	
