CATGTRSBDP
1	-1	34582
1
1.8
0	0
0	0
../../../fasta_sequences/alignments/concatenated_after_guidance/concatenated_prot.phy
4
0
Universal

0
0
0
None
0
10	0
0
(((NC010203_PORI_Aply_fulv:0.0626900058307279,(NC010208_PORI_Chon_sp:0.0109307375967009,NC010212_PORI_Hali_duja:0.0136976480209654):0.0339343327411739):0.0191961976953718,(((NC016431_PORI_Euna_subt:0.0374776574212841,(((NC006894_PORI_Axin_corr:0.0402000743036832,NC023834_PORI_Poly_litt:0.0429273879619159):0.00498537676007226,((NC010207_PORI_Iotr_biro:0.091193868859994,NC010496_PORI_Sube_domu:0.0717428569158032):0.00670472679475224,NC006991_PORI_Teth_acti:0.0251296304109023):0.0108575373601177):0.00253467038250921,NC006990_PORI_Geod_nept:0.12127018875926):0.0129211806133902):0.0167704944595109,NC010201_PORI_Amph_comp:0.078461431061799):0.0102642573703419,(((NC014860_PORI_Plak_jani:0.00949718728758522,NC014884_PORI_Plak_mono:0.0203532556230589):0.0834442380000627,(NC014856_PORI_Osca_viri:0.00692537793189426,NC014888_PORI_Osca_tube:0.00564591178788842):0.0320919184289917):0.0249390488874821,(((((LN898114_CTEN_Coel_yuli:0.0038925049850526,LN898113_CTEN_Coel_loya:0.056445479077221):0.323628811477344,(((MG655623_CTEN_Bero_fors:0.000491541399448443,(MG655622_CTEN_Bero_fors:0.000893852199219468,MG655624_CTEN_Bero_fors:0.00127619108141989):0.00234274646424794):0.485515109052305,(JN392469_CTEN_Pleu_bach:0.593117521778695,NC016117_CTEN_Mnem_leid:0.25368257983609):0.0691971807299064):1.41328315490249,LN898115_CTEN_Vall_mult:0.505240833779015):0.0432613183494147):3.63635325071016,(NC027419_PORI_Oops_minu:0.072592551501571,NC028054_PORI_Vaze_pour:0.0542278922105729):0.566909073160417):0.0617668436625721,((((NC021406_CNID_Hydr_sine:0.520207540288146,(NC018537_CNID_Cras_sowe:0.0804023976559924,NC016467_CNID_Cuba_aphr:0.0553168256361946):0.0924523222016179):0.0454338658729509,(NC020459_CNID_Chry_quin:0.0785743713934657,(NC008446_CNID_Aure_auri:0.0503599560217025,(NC016466_CNID_Cass_fron:0.154303899902447,NC035740_CNID_Nemo_nomu:0.0501038197212234):0.0157881965271751):0.0256236766730316):0.161093322289401):0.0253839989043663,NC030337_CNID_Hali_anta:0.276551162201117):0.00928634945129717,((NC035667_CNID_Euni_cavo:0.0155172180684015,NC035665_CNID_Eugo_muta:0.0104996157963798):0.0173920144858942,NC018378_CNID_Reni_muel:0.0292420690785552):0.176914357528614):0.00341400732897922):0.0172306269451788,((((NC003053_FUNG_Rhiz_gram:0.591297980893445,NC003052_FUNG_Spiz_punc:0.207405656046615):0.434621002581737,((NC006837_FUNG_Zanc_culi:0.520534254190632,NC006836_FUNG_Rhiz_oryz:0.189445846940919):0.036134247613777,(NC011360_FUNG_Blas_emer:0.0357379603352959,NC001715_FUNG_Allo_macr:0.051009058059983):0.203552037243551):0.0535101809773288):0.184115092419773,AF538053_CHOA_Mono_brev:0.265455200849592):0.117837812563596,((((NC000834_CHOR_Bran_flor:0.268602906691135,(NC012761_CHOR_Gala_sene:0.162977472905188,NC031810_CHOR_Etmo_pusi:0.0916173398786439):0.113730879495387):0.00928355238136461,((NC001453_ECHI_Stro_purp:0.224361215844724,NC040151_ECHI_Ophi_anta:0.362271283110516):0.0690434286582729,NC008556_XENA_Xeno_bock:0.436176439341363):0.00842852533836279):0.0494540298537176,((NC005306_EUAR_Varg_hilg:0.822665522600924,(NC007893_MOLL_Wata_scin:0.344653450106327,NC034783_ANNE_Pont_core:0.296298809159109):0.0749251823004956):0.0260241109605763,(KY778696_ARTH_Phot_pyra:0.427367802367004,NC020030_PRIA_Hali_spin:0.306626107253063):0.10370657452806):0.218586944064796):0.38830515952206,((NC008832_PLAC_Plac_sp:0.00791106021017805,(NC008833_PLAC_Plac_sp:0.000896494676368303,NC015309_PLAC_Plac_sp:0.00352600865451156):0.0128808623313892):0.00711653806548774,(NC008151_PLAC_Tric_adha:0.0141932526939154,NC008834_PLAC_Plac_sp:0.0113131878170063):0.0129022153424365):0.254106587430103):0.00773149883857075):0.0376587539581301):0.0420894948424824):0.031883961006108):0.0118166141616537):0.0984318720805738,NC010216_PORI_Iger_nota:0.158896157061599,(NC013662_PORI_Irci_stro:0.00799140638225471,NC010218_PORI_Vace_GW94:0.0279021588918872):0.458010098698438);
(((NC010203_PORI_Aply_fulv:0.0626900058307279,(NC010208_PORI_Chon_sp:0.0109307375967009,NC010212_PORI_Hali_duja:0.0136976480209654):0.0339343327411739):0.0191961976953718,(((NC016431_PORI_Euna_subt:0.0374776574212841,(((NC006894_PORI_Axin_corr:0.0402000743036832,NC023834_PORI_Poly_litt:0.0429273879619159):0.00498537676007226,((NC010207_PORI_Iotr_biro:0.091193868859994,NC010496_PORI_Sube_domu:0.0717428569158032):0.00670472679475224,NC006991_PORI_Teth_acti:0.0251296304109023):0.0108575373601177):0.00253467038250921,NC006990_PORI_Geod_nept:0.12127018875926):0.0129211806133902):0.0167704944595109,NC010201_PORI_Amph_comp:0.078461431061799):0.0102642573703419,(((NC014860_PORI_Plak_jani:0.00949718728758522,NC014884_PORI_Plak_mono:0.0203532556230589):0.0834442380000627,(NC014856_PORI_Osca_viri:0.00692537793189426,NC014888_PORI_Osca_tube:0.00564591178788842):0.0320919184289917):0.0249390488874821,(((((LN898114_CTEN_Coel_yuli:0.0038925049850526,LN898113_CTEN_Coel_loya:0.056445479077221):0.323628811477344,(((MG655623_CTEN_Bero_fors:0.000491541399448443,(MG655622_CTEN_Bero_fors:0.000893852199219468,MG655624_CTEN_Bero_fors:0.00127619108141989):0.00234274646424794):0.485515109052305,(JN392469_CTEN_Pleu_bach:0.593117521778695,NC016117_CTEN_Mnem_leid:0.25368257983609):0.0691971807299064):1.41328315490249,LN898115_CTEN_Vall_mult:0.505240833779015):0.0432613183494147):3.63635325071016,(NC027419_PORI_Oops_minu:0.072592551501571,NC028054_PORI_Vaze_pour:0.0542278922105729):0.566909073160417):0.0617668436625721,((((NC021406_CNID_Hydr_sine:0.520207540288146,(NC018537_CNID_Cras_sowe:0.0804023976559924,NC016467_CNID_Cuba_aphr:0.0553168256361946):0.0924523222016179):0.0454338658729509,(NC020459_CNID_Chry_quin:0.0785743713934657,(NC008446_CNID_Aure_auri:0.0503599560217025,(NC016466_CNID_Cass_fron:0.154303899902447,NC035740_CNID_Nemo_nomu:0.0501038197212234):0.0157881965271751):0.0256236766730316):0.161093322289401):0.0253839989043663,NC030337_CNID_Hali_anta:0.276551162201117):0.00928634945129717,((NC035667_CNID_Euni_cavo:0.0155172180684015,NC035665_CNID_Eugo_muta:0.0104996157963798):0.0173920144858942,NC018378_CNID_Reni_muel:0.0292420690785552):0.176914357528614):0.00341400732897922):0.0172306269451788,((((NC003053_FUNG_Rhiz_gram:0.591297980893445,NC003052_FUNG_Spiz_punc:0.207405656046615):0.434621002581737,((NC006837_FUNG_Zanc_culi:0.520534254190632,NC006836_FUNG_Rhiz_oryz:0.189445846940919):0.036134247613777,(NC011360_FUNG_Blas_emer:0.0357379603352959,NC001715_FUNG_Allo_macr:0.051009058059983):0.203552037243551):0.0535101809773288):0.184115092419773,AF538053_CHOA_Mono_brev:0.265455200849592):0.117837812563596,((((NC000834_CHOR_Bran_flor:0.268602906691135,(NC012761_CHOR_Gala_sene:0.162977472905188,NC031810_CHOR_Etmo_pusi:0.0916173398786439):0.113730879495387):0.00928355238136461,((NC001453_ECHI_Stro_purp:0.224361215844724,NC040151_ECHI_Ophi_anta:0.362271283110516):0.0690434286582729,NC008556_XENA_Xeno_bock:0.436176439341363):0.00842852533836279):0.0494540298537176,((NC005306_EUAR_Varg_hilg:0.822665522600924,(NC007893_MOLL_Wata_scin:0.344653450106327,NC034783_ANNE_Pont_core:0.296298809159109):0.0749251823004956):0.0260241109605763,(KY778696_ARTH_Phot_pyra:0.427367802367004,NC020030_PRIA_Hali_spin:0.306626107253063):0.10370657452806):0.218586944064796):0.38830515952206,((NC008832_PLAC_Plac_sp:0.00791106021017805,(NC008833_PLAC_Plac_sp:0.000896494676368303,NC015309_PLAC_Plac_sp:0.00352600865451156):0.0128808623313892):0.00711653806548774,(NC008151_PLAC_Tric_adha:0.0141932526939154,NC008834_PLAC_Plac_sp:0.0113131878170063):0.0129022153424365):0.254106587430103):0.00773149883857075):0.0376587539581301):0.0420894948424824):0.031883961006108):0.0118166141616537):0.0984318720805738,NC010216_PORI_Iger_nota:0.158896157061599,(NC013662_PORI_Irci_stro:0.00799140638225471,NC010218_PORI_Vace_GW94:0.0279021588918872):0.458010098698438);
1
6.0166
0.624021
2148
50.2786
0.836671	0.24699	0.282521	0.253698	1.86052	0.835232	0.287259	1.20011	0.195574	1.76994	0.485032	0.471438	0.234698	0.287391	0.257606	1.13769	0.645705	0.784763	0.460219	0.590582	

3.1493	0.656853	1.1087	0.191669	5.60845	0.438487	0.30279	0.269716	0.325605	1.30454	0.180121	1.66693	0.646878	0.160886	7.84769	8.97907	6.28112	0.0540136	0.0784374	0.385626	0.0568557	0.833246	0.813019	0.15499	1.62839	1.14092	0.989695	1.86736	2.44105	0.413295	0.256501	1.78738	4.36758	2.41823	0.305532	0.3023	0.449047	6.17993	0.0219663	0.359288	2.18997	0.0458021	1.30652	0.068397	0.0201316	2.86843	0.0947377	0.562831	0.287095	0.482935	0.325763	0.0499691	0.0692202	0.51428	0.0901071	1.18512	0.265056	0.137647	0.487026	0.174619	0.0155711	0.482689	0.196608	2.5013	0.359559	0.407073	1.04377	0.672989	0.0211626	0.0112149	0.0229894	0.0262083	0.473326	0.2561	2.0431	0.67923	0.151503	0.0558101	0.139216	0.0211301	0.257959	0.26566	0.657291	0.469139	3.93684	0.11857	0.0290174	0.457243	0.0622284	0.116813	0.248778	0.147925	0.474064	0.0780138	2.31091	0.0298842	0.49837	0.140341	0.003004	0.0624474	1.16514	0.0329973	0.492759	2.89179	0.69794	3.03725	0.259951	0.466378	1.06327	0.0347486	0.33788	1.93599	0.252452	3.33281	6.52474	0.264101	0.0148887	0.0340009	0.0427419	0.107653	2.28021	16.3271	0.0764991	0.553395	0.439987	4.10167	2.25073	0.0753049	2.3075	8.82544	1.62785	1.39155	1.05173	0.144048	0.46539	6.20072	0.148659	0.178096	0.393955	0.069026	0.17356	0.691434	2.39317	0.217183	0.316992	0.15702	0.539712	1.17049	0.111718	0.213718	3.59687	3.61472	0.513327	0.373793	0.530766	1.27389	0.425661	2.51348	1.35385	0.163844	0.0151066	0.531213	0.995614	0.0794372	1.46392	0.551353	0.599805	0.0771275	0.412983	1.60573	0.64015	0.578039	0.127079	0.0765324	0.633975	0.14887	0.324553	0.0472187	0.0300776	0.143573	7.61177	0.599807	0.801553	0.3564	3.90501	0.0196673	0.0764453	0.205002	0.252516	1.34611	

0.15722	0.00849416	3.76795e-05	6.86971e-15	0.355168	0.0646343	0.00047565	0.0487531	0.000126584	0.165262	0.0561904	0.00349589	0.000725374	0.00932373	0.00164557	0.0461756	0.00642148	0.0179935	0.0109232	0.0469343	
0.0344905	0.0176919	7.37185e-05	0.00146838	0.18757	0.0563382	0.00162859	0.110731	0.00155873	0.364018	0.0246241	0.00350953	0.000443253	0.00585739	0.00534489	0.0432913	0.0435097	0.0574178	0.0287048	0.0117275	
0.437448	0.00460872	0.000443135	8.04364e-07	0.0972069	0.17127	1.62543e-06	0.0486063	0.0106046	0.0916344	0.0179327	0.00038433	4.90781e-05	0.00497285	3.55691e-06	0.0153636	0.00922848	0.0360489	0.0227088	0.0314831	
0.0196244	1.7666e-05	0.00269496	0.0133668	0.0353764	0.0767658	0.0280125	0.0241007	0.00167813	0.14588	0.0250152	0.25907	1.98076e-07	2.46908e-10	0.00114685	0.228579	0.0434806	0.0400245	0.00849885	0.0466673	
0.0619199	0.00284099	0.023707	0.0210319	0.293183	0.00465749	0.000965455	0.0550061	9.16927e-05	0.25223	0.0691408	0.0212756	9.53444e-06	0.000373195	0.000932678	0.0100558	0.0983299	0.0683308	0.0101761	0.00574293	
0.0122747	0.042643	1.65489e-08	0.000626096	0.0512861	0.0363517	0.0784246	0.00697888	0.0235646	0.0697247	0.00391519	0.0660228	7.51663e-08	0.122544	0.000100105	0.149333	0.119638	0.11187	0.0171635	0.0875391	
0.0894557	9.65032e-09	0.00656848	0.0194142	0.154153	0.189897	0.000184727	0.202115	1.20158e-08	0.0729027	0.00161798	0.0167979	0.000779471	0.00331462	0.000227498	0.0230767	0.000120177	0.0115439	0.00209595	0.205735	
0.0277113	0.00378971	0.0127972	0.0309926	0.0837668	0.0231901	0.0234473	0.0501049	0.0755035	0.125192	0.0378048	0.108351	0.00757486	0.048321	0.0594217	0.0971038	0.0346756	0.0552876	0.0300843	0.0648807	
0.00511356	0.000638868	0.000623845	0.0209169	0.0463462	0.0487237	0.0402222	0.146348	0.000317339	0.413287	0.0351169	0.0451501	0.0049484	0.0153108	4.70286e-08	0.0719377	0.00886672	0.0202156	0.013955	0.0619605	
0.00228458	0.0645589	0.0130548	0.0860804	0.144381	0.050622	0.0233607	0.0740329	0.0100147	0.13826	0.0287449	0.115252	0.0061361	0.00701237	0.00884134	0.0292876	0.0421854	0.116077	0.0283875	0.0114269	
0.010339	0.00146945	0.00522401	4.65371e-05	0.272459	0.281743	0.0319437	0.0105339	0.000724919	0.0240065	0.000353096	0.0506499	0.000103162	0.00105083	1.22335e-10	0.0346915	0.0191409	0.00564682	0.0231096	0.226764	
0.0537175	0.00604828	4.62765e-07	0.0169884	0.0424534	0.00277981	0.0119296	0.0447321	0.0124313	0.0664828	0.00359159	0.019776	0.485747	0.027352	0.0309303	0.041425	0.0229801	0.0825374	0.0105511	0.0175461	
0.00969983	0.00281701	0.105766	0.0230309	0.0532316	0.128026	0.0272627	0.0622798	0.0157779	0.057024	0.00662084	0.185094	0.0584244	0.0353479	0.0022284	0.0439222	0.105246	0.0289486	0.000455027	0.0487976	
0.0456818	0.000158029	0.000572408	0.0455633	0.113677	0.165811	0.00389372	0.0371056	4.97111e-05	0.112216	0.0159744	0.00537874	0.0198384	0.0291026	0.00198048	0.0794178	0.00539752	0.193642	0.0100636	0.114477	
0.0438206	0.000462721	0.00541783	0.00639463	0.0906504	0.00313496	0.0414439	0.00839221	5.02058e-07	0.102517	0.257223	0.0415871	0.00658802	1.57691e-05	0.0870839	0.179775	0.0363973	0.0672373	0.0217467	0.000111002	
0.0109663	0.0017418	0.00188225	0.000217274	0.0517745	8.16034e-05	0.496211	0.0346353	0.00050941	0.334558	0.000900762	0.00021898	0.000421556	0.0101248	0.000388734	0.0107323	0.00651371	0.000644991	0.0359009	0.00157588	
0.0444924	0.0237766	5.06258e-08	0.000816874	0.178479	0.02235	1.06245e-06	0.185906	9.21097e-07	0.113333	0.0522433	0.0022118	0.0112528	6.14255e-05	0.000291957	0.115589	0.0802966	0.086917	0.0230865	0.0588931	
0.00426173	2.35336e-05	0.177596	0.000100439	0.0118552	0.0164937	0.0016071	0.210262	0.00245152	0.337899	0.00361342	0.000545934	1.08831e-05	0.00241108	0.00406165	0.00503638	0.0831544	0.115793	0.00361726	0.0192057	
0.00914834	0.00565104	0.00201684	0.069585	0.0811833	0.0072189	0.00781887	0.113538	0.148027	0.103359	0.010323	0.0335329	0.00662608	0.0888044	0.0323653	0.0234958	0.0809575	0.028819	0.0649046	0.0826248	
0.0549595	0.0154724	0.00166419	5.57663e-13	0.0501365	0.0345033	0.271922	0.00984878	2.56637e-05	0.0314159	0.0766137	0.0215763	0.000271212	0.127975	0.000646377	0.0341692	0.00272015	0.190737	0.0311397	0.0442028	
0.126967	5.23146e-07	9.08216e-05	5.16667e-06	0.135951	0.00559278	0.0298673	0.164944	9.82613e-05	0.0672563	0.00529306	0.000368301	0.000143869	0.000121311	0.00324299	0.123159	0.10353	0.129018	0.00215104	0.102199	
0.00335224	0.0453308	3.43588e-06	4.03594e-05	0.056334	0.120859	0.0429234	0.223828	0.000629699	0.0924094	0.00964267	0.10824	4.27264e-05	4.60289e-06	1.33342e-06	0.113516	0.0223439	0.0722647	0.0628053	0.0254267	
0.0328619	0.000202694	1.15951e-05	0.0031858	0.0384772	0.13731	2.63465e-08	0.0276846	6.30195e-06	0.351425	0.121882	0.000500919	2.0509e-05	0.154462	0.00138647	0.0296345	0.00217411	0.0780522	0.0207105	9.97641e-06	
0.000648102	0.000192268	0.0668783	0.0504585	0.0573991	0.138216	0.00152829	0.112074	0.00335817	0.0865816	0.00334484	0.195969	0.00258409	2.84308e-06	0.064922	0.0607742	0.00348666	0.00656761	0.00489141	0.140122	
0.0296513	8.51538e-06	0.0973692	0.137611	0.0733932	0.035106	0.0237622	0.0289061	0.0631014	0.0399153	0.00714777	0.125848	0.0569086	0.0297192	0.0167418	0.118226	0.0487193	0.000533479	0.0132472	0.0540843	
0.0164222	0.00520672	0.0815755	0.056569	0.0678688	0.0131779	0.00550693	0.0893545	1.55286e-06	0.26731	0.0880096	0.0230425	0.0134871	0.0283784	0.00339486	0.0502541	0.111032	0.0377023	0.00773218	0.0339732	
0.0240026	0.00035127	0.169052	6.51304e-06	0.0788783	0.160952	0.00683654	0.0703154	0.000200869	0.193164	0.0196529	0.0453226	0.00458198	6.58827e-06	0.00117794	0.175089	0.00824498	0.00170564	0.0138033	0.026655	
0.127237	0.0255066	5.23167e-05	6.07838e-08	0.123802	0.115407	8.16388e-06	0.0887959	2.00439e-06	0.0827729	0.057649	0.0790052	0.00864913	0.00101933	4.28991e-05	0.071341	0.0381304	0.092719	0.0606703	0.0271893	
0.0573692	0.0159855	0.000181162	2.06344e-07	0.101376	0.0144962	1.56726e-08	0.248104	0.00208089	0.277397	0.0419356	0.000460302	0.0027861	0.00233126	0.000307779	0.0167985	0.0323524	0.124921	0.0455808	0.0155362	
0.0374274	0.000136878	0.000589955	0.0565073	0.141137	0.00698011	0.003473	0.134937	0.00428106	0.0619234	0.0480915	0.15123	0.0276318	0.00351802	0.00297808	0.0885459	0.0841921	0.0263063	0.0019206	0.118193	
0.020641	1.63998e-05	0.0257085	0.0439557	0.142624	0.110146	0.00139865	0.0260163	1.82369e-07	0.0665541	0.0342383	0.0482608	0.0509555	0.022252	0.0826832	0.101423	0.016098	0.0514663	0.10411	0.0514517	
0.0646036	0.0515767	0.000156334	0.000766751	0.0611056	0.0664282	0.0184147	0.0420477	0.00034949	0.0219072	0.0697396	0.0617578	0.0179011	5.90914e-05	2.48748e-05	0.280458	0.153485	0.0872036	0.000511829	0.00150238	
0.064431	0.000617989	3.49618e-08	0.000446137	0.0281505	0.1829	0.0286071	0.187684	0.00623109	0.0604247	0.0290498	0.0879856	0.0015367	0.0663822	0.059767	0.150236	0.00153242	0.000378049	0.0309114	0.0127286	
0.0244363	0.00242663	0.123891	0.0383264	0.095573	0.0243244	0.000155927	0.101887	7.08691e-07	0.1103	0.00526201	0.0175361	0.0319181	0.0287936	0.00975184	0.196001	0.0456063	0.0113853	0.00105077	0.131374	
0.141854	0.0296365	0.0033942	0.0073314	0.0322124	0.107449	2.15099e-05	0.0220739	4.34847e-10	0.0401315	0.0647216	0.000747021	0.00745029	0.000355513	0.000677939	0.158804	0.121129	0.192164	0.00199032	0.0678567	
0.0398858	0.0335193	0.000583219	0.0214578	0.167492	0.0702352	5.10971e-05	0.183792	0.00185874	0.0647942	0.000307418	0.0047541	0.000398059	1.25141e-06	0.0927159	0.0514668	0.0891143	0.147096	0.0108626	0.0196142	
0.00800996	0.0827027	0.00190243	0.000368771	0.101978	0.0142858	5.46117e-06	0.126138	1.55525e-06	0.23288	0.00518778	0.0228183	0.000396014	0.00850246	0.0012291	0.0523816	0.0580567	0.268375	0.00163138	0.0131497	
0.0393169	6.1505e-06	0.00380639	2.86732e-05	0.292175	0.0102577	0.0613181	0.023511	0.00134347	0.0128969	0.0947004	0.108526	0.00010628	6.8832e-06	0.00350576	0.106556	0.156016	0.0248653	0.0403263	0.0207297	
0.0285827	0.0726833	0.000549973	0.00092687	0.0629539	0.159889	2.43922e-05	0.0472626	1.73715e-08	0.281997	0.00584773	0.0104341	0.133937	0.000479067	0.038148	0.062007	0.0284445	0.010014	0.0397668	0.0160525	
0.0669406	0.0990206	0.000109884	0.000417745	0.086662	0.00063085	9.027e-09	0.0030522	0.000171813	0.225392	0.00264785	0.0182573	0.00014968	0.0171555	0.0286514	0.0992363	0.30104	0.0382291	0.0117851	0.000449223	
0.129735	0.0245492	7.15282e-05	0.00503878	0.031556	0.00696694	0.0309008	0.0258427	0.000225877	0.0530982	0.0317153	0.0142819	0.0149956	0.0166788	1.7882e-07	0.569121	0.0272846	0.00261604	0.00340307	0.0119186	
0.135167	0.000943713	0.000279748	0.000736418	0.0638195	0.0178763	0.00150007	0.111268	0.00132642	0.193967	0.0345744	0.0420652	0.232718	0.000201958	0.000906471	0.113607	0.0132553	0.0134549	0.00906253	0.0132706	
0.00361701	0.0186827	0.000640538	0.0022977	0.0971977	0.0524123	0.0018736	0.00542533	0.000491901	0.279603	0.0389873	0.0719755	0.16478	0.00833166	0.000798116	0.0237626	0.187949	0.0149305	0.0147364	0.011507	
0.00333543	0.00115445	7.67292e-06	0.00297027	0.141636	0.00236483	0.00108896	0.387822	0.0022704	0.172106	0.00926241	0.00417864	0.000254184	0.0169685	0.000413308	0.0132993	0.00876293	0.165243	0.03423	0.0326321	
0.111626	0.0154678	0.00567342	0.00149769	0.046251	0.055636	0.00275915	0.00845206	0.000355481	0.399728	0.0533359	0.0215908	0.00247501	0.000102089	0.001426	0.0805822	0.0204949	0.0409818	0.0151259	0.116439	
0.0394292	0.0287296	0.0462587	0.107761	0.144241	0.108847	0.000677991	0.0347081	0.0310957	0.0498271	0.0275998	0.000414325	0.00116879	0.0307831	0.00035461	0.0938023	0.0734852	0.084854	0.0357799	0.0601827	
0.329984	0.0258668	0.000427387	3.01369e-06	0.113483	0.0544785	7.49442e-05	0.0146801	6.34115e-05	0.0726356	0.0168923	0.00269382	0.00172549	0.000557512	3.73406e-05	0.295312	0.0145524	0.0214242	0.0348658	0.00024275	
0.0173463	0.0073012	0.0465162	0.00017877	0.162904	0.102062	0.00207353	0.0355546	0.000619763	0.390752	0.116789	0.000225877	0.000133859	0.0117326	0.00078257	0.0368765	0.00610638	0.00249202	0.0146076	0.044945	
0.124963	0.0258427	3.34757e-07	0.00131225	0.199002	0.0157068	8.45287e-05	0.148272	2.86781e-07	0.0356256	7.36587e-05	0.0281933	0.000733522	0.0129183	0.13237	0.121608	0.00846308	0.119374	0.00764889	0.0178071	
0.0682775	0.0002708	3.83505e-06	0.00183286	0.0746374	0.0166181	3.34476e-05	0.135336	0.00307732	0.287272	0.0217976	2.6293e-06	0.00247832	0.0179022	5.30019e-05	0.186039	0.0360029	0.096061	0.0293772	0.0229271	
0.0570456	0.0182415	0.142166	0.0166475	0.072002	0.036305	5.52588e-06	0.0625776	5.54651e-05	0.0575053	0.00418839	0.0327879	0.0551278	1.52181e-05	0.0136077	0.149745	0.139015	0.0481059	0.0838045	0.0110514	
0.0118994	0.00257765	0.000332678	6.92749e-05	0.119564	0.0225649	6.34601e-06	0.043728	0.00284346	0.075878	0.0717131	0.0250246	0.000424641	0.0197564	0.0514149	0.0624195	0.113234	0.0972779	0.225608	0.0536628	
0.00575597	1.47009e-05	0.132097	0.0044195	0.0850066	0.0272544	8.05292e-05	0.0614034	0.0148048	0.103033	8.96087e-05	0.00076914	0.0623098	0.0089152	0.0557905	0.2025	0.0102976	0.0210352	0.0165279	0.187896	
0.0554563	1.89609e-06	0.0818632	0.139416	0.104748	0.0064686	0.0103171	0.0362137	0.0257807	0.133812	0.0731572	0.00065451	0.0471749	0.00262897	0.000105281	0.0735161	0.0155053	0.0857798	0.0243165	0.0830832	
0.0913501	0.0343499	0.00175381	0.00649658	0.124023	0.205907	0.000787531	0.0708308	0.000373017	0.0753691	0.023144	0.0243172	8.9581e-06	0.0272947	3.28549e-06	0.279462	0.00598878	0.000648087	0.000101585	0.0277902	
0.00571683	0.0013219	0.0322847	0.0334581	0.0236554	0.00721163	0.13898	0.0651421	6.24274e-05	0.0147484	0.00151462	0.0391074	0.00723713	0.275421	0.00340102	0.116548	0.0226884	0.190338	0.0120216	0.00914075	
0.0425665	0.00901805	0.000224764	0.00750601	0.122259	0.0777677	0.00331922	0.19695	0.0163251	0.104736	0.0116467	0.0106346	0.0382091	0.0017778	0.000869296	0.189171	0.0779776	0.00279635	0.0343276	0.051919	
0.0223862	0.0499302	0.0143069	0.0428424	0.0734538	0.0115215	0.0252399	0.0207035	0.013902	0.150803	0.0561377	0.0513849	0.0625857	0.0972405	0.00801137	0.12798	0.033753	0.0366016	0.0370456	0.0641697	
0.0744564	0.00384165	3.48694e-05	0.00259064	0.172879	0.113261	0.00258406	0.135243	0.00189956	0.0903241	0.0176301	0.00270614	0.191094	0.00315763	0.0311542	0.0353908	0.0621568	0.0506371	0.00881086	0.000148473	
0.067139	0.00739524	0.00149623	0.000145448	0.0615635	0.0120333	0.143345	0.0515607	0.000145445	0.0803071	0.0494442	0.00926947	1.90386e-07	0.00030103	5.13303e-08	0.0859552	0.0452244	0.331987	0.00862663	0.0440606	
0.00576618	0.0299349	0.0629885	0.00298212	0.304984	0.0283076	0.0822262	0.0286642	0.0316444	0.0498322	0.000216601	0.0060685	0.0959281	0.043914	4.13235e-13	0.106162	0.035617	0.0362615	0.000456994	0.0480453	
0.0215431	0.00660788	0.00125459	0.0472564	0.0590369	0.286991	6.6472e-05	0.0244301	1.83057e-09	0.0867121	0.0228992	0.000579185	0.000202574	5.09238e-05	4.18209e-10	0.338126	0.0388554	0.00947987	0.0126943	0.0432143	
0.0737354	7.12597e-06	4.85064e-06	0.000212367	0.128036	0.0125433	0.00398288	0.0759473	0.00146922	0.201985	0.0515883	0.00904615	0.00150554	0.0506897	0.0012212	0.114325	0.00595374	0.0716617	0.0417585	0.154327	
0.00271169	0.00732463	0.000553483	0.0219807	0.28818	0.0455008	0.15443	0.0122498	0.0237896	0.05717	0.22405	0.000692492	0.00150598	6.643e-06	0.000113997	0.113247	0.0134125	0.0105009	0.0013946	0.0211857	
0.0104232	0.00213833	0.049047	0.00919709	0.0702088	0.000505713	0.00159046	0.265825	2.10848e-10	0.0580399	0.00131003	0.130251	0.00312151	7.42525e-05	0.0834322	0.176786	0.0154466	0.0958219	0.0176727	0.00910932	
0.0364545	4.15858e-07	0.0553423	0.0359067	0.258741	0.144632	0.00192421	0.139052	0.00204809	0.0541523	0.130719	0.0202034	0.0337336	0.00126609	4.75692e-06	0.0726675	6.55389e-05	0.000939318	0.00155637	0.0105908	
0.00128728	0.0678166	0.000123857	0.0237374	0.209913	0.00860363	3.58575e-05	0.160817	0.000197243	0.119329	0.0564098	0.160811	0.00112406	0.000165707	0.00942405	0.0264145	0.0511477	0.0972315	0.00503769	0.000373923	
0.0771498	0.0349711	0.000888896	4.87986e-11	0.30842	0.00208336	1.00366e-13	0.102044	0.156116	0.0474866	0.0235971	0.00835086	0.00032921	0.00792651	0.0156861	0.0440377	0.0490676	0.0159785	0.0100443	0.0958231	
0.0143683	0.00373866	0.0397751	0.00526296	0.410548	0.0470217	0.000901343	0.0356032	0.00265677	0.135262	0.0815059	0.0457036	0.000165	0.0160494	2.3723e-05	0.0293592	0.0407149	0.0471319	0.00102739	0.0431811	
0.00151217	3.20894e-06	0.000133253	0.000117533	0.148413	0.153168	0.0108376	0.371922	0.0104516	0.236718	0.0107997	0.000225053	8.7837e-07	0.00904649	4.45334e-05	0.0187432	5.63068e-05	0.0251674	1.61082e-05	0.00262385	
0.00845066	0.0230571	0.0133026	0.0371757	0.124139	0.00109974	0.0036788	0.10641	0.00202601	0.0571718	0.236464	0.0587859	0.00151894	8.27973e-05	0.0900645	0.160446	0.0050088	0.0264894	0.0422892	0.00233827	
0.00788919	0.279282	0.00347017	1.37698e-05	0.266483	0.00360193	0.00371297	0.0134494	0.00537168	0.149393	0.175384	0.00439869	0.0361478	0.00888368	1.26336e-05	0.00745485	0.00618994	0.00483969	0.00170597	0.0223146	
0.0699882	0.0270282	0.00934309	0.0672697	0.0214768	0.0246891	0.0252306	0.14054	0.0252389	0.0831303	0.00276043	0.0480828	3.61353e-07	0.00256391	0.0140766	0.0721925	0.0433237	0.0963574	0.0242972	0.20241	
0.175891	0.00924905	0.0231515	0.162391	0.0794953	0.179111	0.104149	0.0041062	0.0241168	0.0395614	0.0197931	0.00145073	3.19576e-05	0.0830897	0.00478294	0.0516047	0.00330388	0.00372681	0.0124773	0.0185163	
0.0707438	0.017403	0.000197448	0.00178279	0.485061	0.0467628	6.55403e-07	0.058234	2.32978e-08	0.126932	0.0112681	0.000592926	0.00135397	0.0125568	0.0136949	0.0278382	0.0100237	0.104784	0.00174014	0.00903021	
0.0261351	0.0217533	0.0141863	4.60776e-05	0.0654974	0.0356347	0.0133165	0.0995194	0.0189263	0.0301327	0.0496852	0.0155279	0.0111202	1.41172e-05	0.0545598	0.224379	0.0695557	0.0185067	0.0116968	0.219807	
0.0524003	0.0162757	0.00177518	0.0402116	0.0302836	0.128116	0.028704	0.198719	0.000563582	0.0470557	0.018699	0.00275126	2.11195e-05	0.129753	0.00756693	0.144488	0.135305	0.00167795	0.0152259	0.000406945	
0.0471303	0.00499563	1.76768e-05	0.000499728	0.0901877	0.0220124	0.000851704	0.202926	0.00656443	0.23686	0.142281	0.0596727	0.0895533	0.00086093	2.59628e-08	0.0276258	0.00590173	0.00317758	0.00651571	0.0523663	
0.0107625	0.00193616	0.000193778	0.0117634	0.202537	0.030143	1.30309e-06	0.00348597	0.0423202	0.219668	0.00880715	0.016523	0.000408854	0.00555941	0.0885888	0.160047	0.0679933	0.0505081	0.051369	0.0273847	
0.0655496	1.7058e-05	0.00369078	0.00431975	0.268492	0.19834	0.0546365	0.0706807	0.0358264	0.00465665	0.0035448	0.089997	0.000266125	0.0342158	0.0120285	0.0454094	0.0166991	0.039436	0.0516738	0.000520121	
0.0371745	1.51607e-05	0.00353971	0.00319565	0.0551426	0.00523202	0.0136861	0.00742415	0.00442677	0.369463	0.058775	0.0443115	0.000642994	0.00305545	3.06636e-05	0.0365998	0.0454718	0.0423408	0.0482954	0.221177	
0.00666632	0.0321751	0.0296368	0.00120281	0.491317	0.132036	0.00626976	0.0208819	5.53654e-05	0.0222671	0.0264532	0.000946459	0.0344124	0.0115172	0.00338692	0.0470578	0.00578194	0.0314307	0.0621357	0.0343693	
0.0740006	5.75459e-05	0.0291224	0.03774	0.00924205	0.00228747	0.00504481	0.467549	2.04597e-07	0.0183351	0.175189	0.0453428	7.26793e-09	0.0122311	0.0379362	0.0439611	0.000112333	0.0235729	0.0172217	0.00105329	
0.0754866	0.00455278	0.0132197	0.048759	0.123903	0.138342	0.0217424	0.0170172	0.00337774	0.138575	0.0115947	0.174114	0.0117711	0.00888188	0.00461473	0.0288799	0.00415692	0.00838174	0.0286027	0.134027	
0.0177478	0.0304794	0.0971983	0.0138568	0.24218	0.0547503	0.0354368	0.0434411	8.21618e-05	0.152852	0.0478534	0.0762747	0.00759632	1.75264e-05	0.0070386	0.0609337	0.00503311	0.07659	0.0064734	0.0241647	
0.028767	0.000909496	0.0547356	8.38364e-07	0.280415	0.0108884	0.160446	0.0636137	0.011618	0.279057	0.0246303	0.0112936	0.00627968	7.085e-05	0.000221474	0.00360485	0.00366573	0.00440744	0.00236389	0.0530118	
0.129965	0.0699649	0.00865134	0.00151567	0.346547	0.00729177	0.0106859	0.0109562	0.00174165	0.15348	0.0116954	0.042038	0.000181772	0.0116868	0.00135371	0.0366407	0.0443427	0.0516877	0.0489467	0.0106272	
0.341703	0.0038849	0.000276485	0.00041791	0.197309	0.00621507	0.00287418	0.0877212	0.000373266	0.0123681	0.0133783	0.0130099	0.00964929	0.000868279	0.00577664	0.0923382	0.0265226	0.0474847	0.0356059	0.102223	
0.00587355	0.00145092	0.00493684	0.00504013	0.138507	0.000475921	5.69993e-05	0.129531	0.000287713	0.117397	0.000337643	0.0131877	0.0597748	0.00122146	0.000301619	0.216571	0.105759	0.167825	0.0314024	6.09927e-05	
0.0202168	0.0388523	0.00879756	0.000305201	0.209071	0.0514966	0.00177538	0.235483	0.0125884	0.172104	0.0379809	0.00388523	0.0497018	0.0126245	0.00460906	0.0390125	0.00235445	0.058231	0.0114044	0.029506	
0.0216188	0.000193601	2.47578e-07	0.0230813	0.041259	0.232906	0.00234708	0.109973	0.0101551	0.0213362	0.00147467	0.139724	9.78147e-06	0.0236314	0.0149833	0.0596726	0.0448804	0.0118524	0.0231629	0.217739	
0.0557546	0.0029256	0.0029487	0.00102588	0.0372687	0.131534	0.0285853	0.104202	0.000114447	0.0181233	0.00224175	0.0290846	8.52239e-06	0.175454	0.0447376	0.165908	0.00295398	0.167751	0.00423777	0.0251399	
0.0135077	0.0213122	0.00858656	2.41263e-05	0.15038	0.0566018	0.00432379	0.113782	0.0115503	0.103845	0.201045	0.0054711	0.00205369	0.106257	0.0037538	0.0422184	0.00111252	0.143688	0.00667821	0.0038101	
0.00678708	0.0262858	0.00598163	0.064511	0.152013	0.00243482	6.61412e-06	0.0560176	0.000223819	0.297944	0.0232493	0.00400592	0.0012717	0.0300938	0.000238945	0.163859	0.0813763	0.0320569	0.0111197	0.0405233	
0.00454272	0.00139084	1.2487e-05	0.000153065	0.543857	0.112197	0.0105024	0.0655758	1.45167e-08	0.0386237	0.0245161	0.0014234	1.00158e-05	0.000369915	0.0219534	0.0302676	0.0265452	0.0171501	0.0346171	0.0662923	
0.187761	0.060195	0.0905411	0.0413417	0.0368479	0.0152873	0.00116524	0.169734	0.00377221	0.123575	0.0290264	0.00694332	0.0026658	0.00945361	0.00330851	0.0889434	0.00684668	0.0681042	0.00402527	0.0504617	
0.0267362	0.018462	0.0105935	0.00997021	0.036804	0.139719	0.0472766	0.0432231	0.0241134	0.122749	0.0366226	0.00866232	0.0231803	0.0141511	0.0681163	0.140909	0.0445314	0.167742	0.0162671	0.000171753	
0.0641388	4.84879e-05	4.07143e-05	0.00133982	0.12528	0.118702	0.00158631	0.0310557	0.0212731	0.0716573	0.0548276	0.00340713	0.0601601	0.0864996	0.00883448	0.126196	0.00349808	0.126415	0.0151859	0.0798554	
0.0244734	0.00251899	0.000206826	5.12489e-05	0.173671	0.0506436	0.00532355	0.0351855	0.000280459	0.0328977	0.0285721	0.189313	0.115838	5.29761e-08	0.112723	0.0424386	0.00918841	0.164611	0.00198894	0.0100739	
0.0243767	0.000539989	0.00101865	0.0240636	0.0800602	0.131888	0.132274	0.0734913	0.0413124	0.138373	0.00654098	0.0173079	0.0261411	0.0276901	0.0107219	0.0836128	0.0423024	0.0497615	0.0429142	0.0456091	
0.100816	1.82258e-06	0.0040789	1.22613e-05	0.234558	0.0543934	0.0312597	0.0636632	0.00676466	0.187371	2.13626e-07	0.00698633	2.5489e-05	0.0244061	0.0644006	0.00498147	0.00296331	0.0632392	0.108743	0.0413348	
0.0844832	3.00994e-08	0.0272545	5.00461e-06	0.149055	0.0261437	0.0280694	0.0574797	0.00491383	0.170588	0.00118248	0.000793519	0.112519	0.134707	6.36243e-05	0.105587	0.0335063	0.0113578	0.00706033	0.0452301	
0.0606642	0.00144417	0.000674537	0.0344465	0.15523	0.0468076	0.00675626	0.208497	0.000832161	0.159023	0.0424492	0.0263878	0.0388207	0.012281	0.0023259	0.017872	0.0489943	0.0633379	0.00868104	0.0644745	
0.0047702	0.00128615	8.54351e-06	0.00189171	0.15536	0.0604779	0.0206822	0.108052	0.000286678	0.0210405	0.00516165	0.0246962	0.000440948	0.00438714	0.163816	0.00235984	0.0944682	0.0926647	0.0244053	0.213744	
0.103697	0.0306567	0.00290179	0.00392866	0.16752	0.00436304	0.020836	0.0607074	0.000365843	0.390147	0.00136666	0.0045221	0.000736084	0.0261812	0.00145897	0.0764356	0.0335961	0.0676898	0.00219341	0.000696909	
0.0154748	0.000974535	0.00167187	0.00637059	0.0771208	0.062446	0.11155	0.234845	1.18012e-11	0.0548895	0.0440342	0.0524038	0.00141896	0.0121612	0.0320321	0.000165304	0.0471312	0.212177	0.0101034	0.0230303	
0.0687054	0.0076592	7.84549e-06	1.26752e-05	0.131748	0.10427	0.000478498	0.0799758	0.0228582	0.0522249	0.0377023	0.000833351	0.0120585	0.00242073	0.0906649	0.00796643	0.0214596	0.177592	3.59348e-05	0.181326	
0.00797975	5.41698e-05	0.000780872	4.59392e-07	0.12256	0.0190977	0.0132278	0.145696	0.000285099	0.495172	0.0238259	0.000421599	0.0130547	0.0258155	0.000556693	0.0309013	0.00670234	0.00316734	0.00384101	0.0868598	
0.13275	0.00367313	0.0412302	6.87434e-05	0.216715	0.0230804	0.00704822	0.0316112	0.00463833	0.164128	1.56636e-06	0.0310494	0.00121141	0.0187289	0.00630796	0.185499	0.00550322	0.113671	0.012039	0.00104508	
0.00523888	0.0495513	0.0204241	0.00547111	0.144203	0.167131	0.000623109	0.153882	0.0257245	0.0740745	0.00140765	0.0125529	1.37065e-09	0.0166293	0.0235037	0.00117772	0.0402488	0.216126	0.0226749	0.0193554	
0.0136736	0.0666836	0.0042687	1.84235e-07	0.0045097	0.166969	0.102462	0.143539	0.0326895	0.06342	0.000987755	0.000482031	0.000270515	0.000447302	2.21089e-05	0.196123	0.0107569	0.0487988	0.0138233	0.130073	
0.102853	0.00847944	0.00592	0.00131904	0.0499374	0.039593	0.000113354	0.0242903	0.00600949	0.25931	0.0184791	0.0510023	7.49417e-06	0.0393947	0.035918	0.15669	0.130648	0.0169455	0.0130118	0.0400777	
0.00992139	4.71849e-07	0.0227026	0.000371915	0.289162	0.00436601	0.0149746	0.00982391	1.12076e-05	0.108036	0.27409	0.0130482	0.0274428	3.55592e-09	0.0622388	0.0367911	0.118791	0.00701063	0.000429006	0.00078784	
0.0193063	0.0255592	0.0237266	0.000248384	0.16257	0.121335	1.68158e-05	0.0916116	2.89074e-05	0.188471	0.000889505	0.0504124	0.0139205	0.0166923	0.0115881	0.0424054	0.0106935	0.179463	0.0410593	2.3085e-06	
0.0531404	0.000234382	0.000999745	0.00222893	0.157344	0.0704845	0.059891	0.185041	0.000916256	0.258932	0.00230704	0.0529084	0.000708836	0.0319888	5.66819e-07	0.0195303	0.084089	0.0123458	0.00102221	0.00588704	
0.000782236	0.00399828	0.0454081	0.0106862	0.0495541	0.0175726	0.00542213	0.172529	0.0212147	0.107763	0.0233643	0.000191964	0.139761	0.0784818	4.86715e-06	0.00604715	0.0710056	0.191922	0.0499428	0.00434898	
0.0825043	0.0549143	5.30947e-06	0.000715781	0.0405119	0.113548	0.00209277	0.0697063	0.0134555	0.207914	0.00458813	0.0524078	0.0112873	0.00416083	0.00031279	0.129646	0.0913752	0.0306208	0.0102806	0.0799521	
0.169346	0.000695996	0.120305	0.00159926	0.258999	0.0365002	0.00776303	0.0484247	0.0255511	0.0526464	0.00477347	0.0649939	0.0945556	2.97821e-05	0.0512066	0.0536607	0.0018004	0.00354313	0.0024398	0.00116623	
0.0642893	7.89777e-05	0.000129267	0.000199556	0.353847	0.0629639	0.000793879	0.0129817	5.65458e-09	0.319689	0.00563417	0.0179751	1.07325e-08	0.00103044	0.000760389	0.0505062	0.0276182	0.0702168	0.00978165	0.00150449	
0.0469781	0.00171188	0.0275117	5.58058e-05	0.0255809	0.129154	2.86181e-06	0.0746241	0.0530993	0.221959	0.0246287	0.00680324	1.18335e-05	0.00397268	0.18083	0.0100319	0.0151287	0.177758	8.3057e-05	7.42299e-05	
0.0791851	0.0114155	0.00103107	0.0169442	0.253049	0.102819	0.0128509	0.0906416	0.0553743	0.00918202	0.0770792	0.0859405	4.94703e-05	0.00929035	1.19846e-05	0.0171487	0.0463912	0.00319571	0.0230687	0.105332	
0.0156122	0.0832446	0.00940209	0.00244443	0.43716	0.0565744	0.0528413	0.1484	0.000182503	0.068237	0.00041748	0.0129858	0.00486366	0.00389588	0.00296324	0.0157369	0.00297863	0.0567675	0.00850374	0.0167878	
0.0429047	3.2995e-07	0.0567356	0.00259902	0.103701	0.0486445	0.0347892	0.0292939	0.000112536	0.190032	0.124893	0.00144797	0.000382045	0.163258	0.000405451	0.0388709	0.00969783	0.0246438	3.41229e-05	0.127554	
0.109991	0.00823061	0.0186685	0.0760385	0.215443	0.0976989	3.94325e-06	0.0217486	0.105809	0.0576766	0.0206232	0.0118085	9.34385e-07	0.0253664	0.00565427	0.0708572	0.028367	0.050762	0.00891246	0.0663383	
0.0366676	2.33754e-05	0.0134715	0.0171508	0.0687043	0.0107234	0.00789875	0.146856	0.0357535	0.21944	0.00198941	0.0922069	0.00121401	0.00021905	0.023018	0.212576	0.0772906	0.025353	0.00620022	0.00324433	
0.0761545	0.00416789	0.0548353	0.0188548	0.0354984	0.0285219	0.115699	0.109566	0.00105216	0.0435741	0.00522095	0.000948925	2.05997e-06	0.000394329	0.0236647	0.0380381	0.00838991	0.192071	0.0546292	0.188717	
0.0211208	3.9869e-06	0.00591095	8.91936e-09	0.017477	0.000342945	0.044521	0.327152	0.0235753	0.170678	0.0108875	0.011728	0.0528492	0.0844936	0.00105705	0.0818204	0.0450364	0.0345412	0.0633776	0.00342797	
0.000378949	0.000332899	0.0872133	0.0141227	0.241872	0.115477	0.00878451	0.146826	0.00550208	0.0747576	1.55416e-05	0.121991	0.000200987	0.0103682	0.022634	0.0644319	0.0509715	0.0306171	0.00212801	0.00137438	
0.16582	0.00125648	0.0187763	0.0491777	0.152927	0.0304398	2.23726e-06	0.0857095	0.00841702	0.323478	0.0118118	0.00237572	0.000155256	0.0215991	7.25311e-06	0.0288632	0.0169571	0.00957481	0.0289783	0.0436728	
0.0225875	0.000130969	0.0234642	0.0150244	0.11253	0.0374269	0.00554604	0.128643	2.01933e-06	0.224857	0.115062	0.0101288	1.07077e-07	0.000918881	9.06395e-05	0.177367	0.00473566	0.0472616	0.0487824	0.0254393	
0.110023	0.000217882	0.00014426	0.00104715	0.159096	0.0126256	0.0386764	0.100469	0.21674	0.0192999	0.00741993	0.133784	0.0277725	7.32266e-08	0.0453457	0.0565052	0.00304809	0.00726555	0.0536121	0.00690742	
0.0447153	0.0482929	1.86498e-05	0.0585562	0.042556	0.0366869	0.00173777	0.124317	4.11951e-05	0.0869619	0.273919	0.0633758	0.0085913	0.0421559	0.00660658	0.0924666	0.00203606	0.0540497	0.00112376	0.0117911	
0.0211137	0.00567233	0.00853069	0.00176174	0.0977549	0.00195843	0.000651989	0.0879189	0.000817035	0.447593	0.00398263	0.000727016	0.00876038	6.78956e-05	2.82214e-11	0.0941298	0.0319734	0.0144197	0.00141881	0.170748	
0.0618339	0.000260532	0.00220746	0.000414205	0.0457577	0.0547359	0.00327105	0.203558	0.00313372	0.222832	0.0252046	0.000208426	0.0639663	0.0438514	0.000111377	0.0499718	0.0178329	0.17208	0.00351195	0.0252565	
0.00760095	0.019398	0.00758964	0.00247708	0.241089	0.0111341	2.56406e-05	0.0563911	8.88655e-06	0.148633	0.0117416	0.0451525	1.83789e-07	0.00100756	0.106652	0.0471594	0.0115764	0.0528506	0.0450018	0.18451	
0.0836932	0.000268697	0.00847117	0.000969554	0.14004	0.5061	0.00997168	0.0302147	0.000973615	0.0579553	0.00499863	0.00089891	0.00564298	0.000110087	1.81564e-05	0.0780431	0.00039502	0.0464989	0.0247266	9.98213e-06	
0.144331	0.00239183	0.00110274	0.00406889	0.0704907	0.00358586	8.80563e-06	0.0409431	1.27659e-10	0.300727	0.00905169	0.017626	4.53122e-06	0.00221504	0.016681	0.222351	0.00274083	0.0522142	0.0884801	0.0209859	
0.0528287	0.00286381	0.00630215	0.0300702	0.110827	0.30697	0.00439851	0.00862339	0.0114282	0.0786255	0.00602749	0.00260276	1.95455e-09	0.0713024	0.00147017	0.0465395	0.033207	0.169049	0.0342948	0.0225691	
0.0203076	0.00761441	0.0341093	0.00555862	0.111454	0.0109821	0.025448	0.177348	0.0510101	0.0445471	0.0214185	0.221666	4.17378e-09	0.0123934	6.40237e-05	0.16283	0.0353481	0.037182	0.000781626	0.0199379	
0.0332849	0.0789392	4.80538e-06	0.0225393	0.0342769	0.102644	0.0806176	0.0761098	0.0299329	0.115901	0.000625678	0.0536106	0.0231118	0.0123599	4.45279e-05	0.11625	0.0759864	0.0951434	0.0473356	0.0012816	
0.0103751	5.83785e-07	0.00262957	0.000512345	0.0610006	0.0684688	0.0598552	0.0385729	1.00756e-06	0.0564557	0.00094434	0.000713811	0.517909	0.00216562	0.0836119	0.0616735	0.000267482	0.0049901	0.0264283	0.00342403	
0.0965683	0.118285	0.00460381	0.000731925	0.0378294	0.0896487	0.00836415	0.245027	0.0504224	0.124656	0.00924835	0.00352295	0.0010496	0.00408632	8.91605e-06	0.0569192	0.0225465	0.121889	0.00128841	0.00330445	
0.210179	0.0106728	0.000856691	9.34312e-07	0.0582879	0.103241	2.42525e-12	0.0376045	0.0200128	0.228903	0.106447	0.00841335	2.13511e-06	0.000107493	0.0163844	0.137601	0.0357877	0.00646302	0.0151389	0.00389745	
0.0223004	0.123841	0.00253421	0.005176	0.129833	0.0172539	0.000536729	0.118799	0.0515188	0.0559784	4.44956e-05	0.000532194	0.0194294	5.86487e-05	0.17424	0.018181	0.0334741	0.178501	0.0290384	0.018731	
0.13095	0.0740273	0.000245224	0.000473106	0.125527	0.0355811	0.000112315	0.307237	0.0406875	0.0607403	0.0319467	0.00280671	0.000775872	0.00506853	0.00557219	0.0878293	0.0194311	0.0120915	4.30158e-05	0.0588546	
0.311047	0.0215708	0.0116148	0.00181952	0.0588731	0.0538227	0.000127455	0.00449162	0.0122334	0.0519004	0.0372114	2.77713e-05	0.00461791	0.00346874	0.000218844	0.131599	0.146311	0.0174941	0.111643	0.0199068	
