CATGTRSBDP
1	-1	34479
1
1.8
0	0
0	0
../../../fasta_sequences/alignments/concatenated_after_guidance/concatenated_prot.phy
4
0
Universal

0
0
0
None
0
10	0
0
(((NC010203_PORI_Aply_fulv:0.0557843209959607,(NC010208_PORI_Chon_sp:0.0186314037049312,NC010212_PORI_Hali_duja:0.0199781181236235):0.0430624507344102):0.0127161823517846,((NC010201_PORI_Amph_comp:0.0815149665791244,((((NC010207_PORI_Iotr_biro:0.0991023349803847,NC010496_PORI_Sube_domu:0.0902018336180846):0.0118286420036603,NC006991_PORI_Teth_acti:0.0359188727052163):0.0117241576012952,(NC023834_PORI_Poly_litt:0.0413482181952773,NC006894_PORI_Axin_corr:0.0441830777757021):0.00823732603928555):0.00530759587313458,(NC006990_PORI_Geod_nept:0.108596676310252,NC016431_PORI_Euna_subt:0.0375632585534453):0.0117952061730335):0.0152953734981515):0.0184319030591104,(((((NC028054_PORI_Vaze_pour:0.0663753490641965,NC027419_PORI_Oops_minu:0.056262947431749):0.643473637497454,(((NC005306_EUAR_Varg_hilg:0.912735053068471,(NC007893_MOLL_Wata_scin:0.338884860969348,NC034783_ANNE_Pont_core:0.321190925557081):0.13505488268061):0.0426092063541127,(KY778696_ARTH_Phot_pyra:0.401496695764147,NC020030_PRIA_Hali_spin:0.281535127109686):0.13866321772065):0.300552740565287,(NC008556_XENA_Xeno_bock:0.372508641433597,((NC040151_ECHI_Ophi_anta:0.441946940249234,NC001453_ECHI_Stro_purp:0.339004609297954):0.0785591592869044,((NC012761_CHOR_Gala_sene:0.192828604060492,NC031810_CHOR_Etmo_pusi:0.1293128044616):0.117349567133227,NC000834_CHOR_Bran_flor:0.303653057385356):0.0319008444898324):0.0372099688676794):0.0643434966996048):0.345922745640315):0.0452330462474431,((((NC015309_PLAC_Plac_sp:0.0066648019088654,NC008833_PLAC_Plac_sp:0.000691567628350489):0.02322047208079,NC008832_PLAC_Plac_sp:0.00690107339545781):0.0106842982997222,(NC008834_PLAC_Plac_sp:0.023904339359959,NC008151_PLAC_Tric_adha:0.00953957911743972):0.0147932896134761):0.265081369234284,((NC006837_FUNG_Zanc_culi:0.775038286091495,(((NC003053_FUNG_Rhiz_gram:0.660788460447538,NC003052_FUNG_Spiz_punc:0.226940404878889):0.555665666865226,(NC011360_FUNG_Blas_emer:0.030765628812602,NC001715_FUNG_Allo_macr:0.0492999667664945):0.235364667182026):0.0278779083200882,NC006836_FUNG_Rhiz_oryz:0.235406848680528):0.0637562526640913):0.211185253050751,AF538053_CHOA_Mono_brev:0.274552761556904):0.138588129517844):0.014136079153217):0.0234574622141882,((NC030337_CNID_Hali_anta:0.230568796937612,(((NC016467_CNID_Cuba_aphr:0.0801725368010395,NC018537_CNID_Cras_sowe:0.082439652765972):0.0792049626518399,(((LN898115_CTEN_Vall_mult:0.617322364601978,(LN898114_CTEN_Coel_yuli:0.022313693849573,LN898113_CTEN_Coel_loya:0.0401741743322804):0.427241991590354):0.1206172362417,((JN392469_CTEN_Pleu_bach:0.538459070648669,NC016117_CTEN_Mnem_leid:0.376706985775184):0.15715142420459,((MG655622_CTEN_Bero_fors:0.000955836188581553,MG655623_CTEN_Bero_fors:0.00333425288553109):0.000726625074925636,MG655624_CTEN_Bero_fors:0.0008134378100252):0.463941740951892):1.36860065381822):4.04364923138675,NC021406_CNID_Hydr_sine:0.503926906274634):0.0655002934963868):0.0630617384722727,(NC020459_CNID_Chry_quin:0.100143052506299,((NC035740_CNID_Nemo_nomu:0.0551461747032934,NC016466_CNID_Cass_fron:0.16421572875779):0.0307080983972002,NC008446_CNID_Aure_auri:0.062272537841166):0.0150572898128471):0.194451841531185):0.0342352718620921):0.033295653703696,(NC018378_CNID_Reni_muel:0.034623542967991,(NC035665_CNID_Eugo_muta:0.0088695746031304,NC035667_CNID_Euni_cavo:0.0164524749323514):0.0149224437659293):0.160103585930726):0.0304621541115395):0.0350357717607846,((NC014884_PORI_Plak_mono:0.0221783357913411,NC014860_PORI_Plak_jani:0.0154482277626183):0.0800227575574775,(NC014888_PORI_Osca_tube:0.00466213042726235,NC014856_PORI_Osca_viri:0.00988010744680955):0.0492412922174163):0.0408987098529584):0.0481936589518281):0.016851033677043):0.117622506276622,NC010216_PORI_Iger_nota:0.150520387913619,(NC013662_PORI_Irci_stro:0.00887399554087666,NC010218_PORI_Vace_GW94:0.0199081385110584):0.497314449614445);
(((NC010203_PORI_Aply_fulv:0.0557843209959607,(NC010208_PORI_Chon_sp:0.0186314037049312,NC010212_PORI_Hali_duja:0.0199781181236235):0.0430624507344102):0.0127161823517846,((NC010201_PORI_Amph_comp:0.0815149665791244,((((NC010207_PORI_Iotr_biro:0.0991023349803847,NC010496_PORI_Sube_domu:0.0902018336180846):0.0118286420036603,NC006991_PORI_Teth_acti:0.0359188727052163):0.0117241576012952,(NC023834_PORI_Poly_litt:0.0413482181952773,NC006894_PORI_Axin_corr:0.0441830777757021):0.00823732603928555):0.00530759587313458,(NC006990_PORI_Geod_nept:0.108596676310252,NC016431_PORI_Euna_subt:0.0375632585534453):0.0117952061730335):0.0152953734981515):0.0184319030591104,(((((NC028054_PORI_Vaze_pour:0.0663753490641965,NC027419_PORI_Oops_minu:0.056262947431749):0.643473637497454,(((NC005306_EUAR_Varg_hilg:0.912735053068471,(NC007893_MOLL_Wata_scin:0.338884860969348,NC034783_ANNE_Pont_core:0.321190925557081):0.13505488268061):0.0426092063541127,(KY778696_ARTH_Phot_pyra:0.401496695764147,NC020030_PRIA_Hali_spin:0.281535127109686):0.13866321772065):0.300552740565287,(NC008556_XENA_Xeno_bock:0.372508641433597,((NC040151_ECHI_Ophi_anta:0.441946940249234,NC001453_ECHI_Stro_purp:0.339004609297954):0.0785591592869044,((NC012761_CHOR_Gala_sene:0.192828604060492,NC031810_CHOR_Etmo_pusi:0.1293128044616):0.117349567133227,NC000834_CHOR_Bran_flor:0.303653057385356):0.0319008444898324):0.0372099688676794):0.0643434966996048):0.345922745640315):0.0452330462474431,((((NC015309_PLAC_Plac_sp:0.0066648019088654,NC008833_PLAC_Plac_sp:0.000691567628350489):0.02322047208079,NC008832_PLAC_Plac_sp:0.00690107339545781):0.0106842982997222,(NC008834_PLAC_Plac_sp:0.023904339359959,NC008151_PLAC_Tric_adha:0.00953957911743972):0.0147932896134761):0.265081369234284,((NC006837_FUNG_Zanc_culi:0.775038286091495,(((NC003053_FUNG_Rhiz_gram:0.660788460447538,NC003052_FUNG_Spiz_punc:0.226940404878889):0.555665666865226,(NC011360_FUNG_Blas_emer:0.030765628812602,NC001715_FUNG_Allo_macr:0.0492999667664945):0.235364667182026):0.0278779083200882,NC006836_FUNG_Rhiz_oryz:0.235406848680528):0.0637562526640913):0.211185253050751,AF538053_CHOA_Mono_brev:0.274552761556904):0.138588129517844):0.014136079153217):0.0234574622141882,((NC030337_CNID_Hali_anta:0.230568796937612,(((NC016467_CNID_Cuba_aphr:0.0801725368010395,NC018537_CNID_Cras_sowe:0.082439652765972):0.0792049626518399,(((LN898115_CTEN_Vall_mult:0.617322364601978,(LN898114_CTEN_Coel_yuli:0.022313693849573,LN898113_CTEN_Coel_loya:0.0401741743322804):0.427241991590354):0.1206172362417,((JN392469_CTEN_Pleu_bach:0.538459070648669,NC016117_CTEN_Mnem_leid:0.376706985775184):0.15715142420459,((MG655622_CTEN_Bero_fors:0.000955836188581553,MG655623_CTEN_Bero_fors:0.00333425288553109):0.000726625074925636,MG655624_CTEN_Bero_fors:0.0008134378100252):0.463941740951892):1.36860065381822):4.04364923138675,NC021406_CNID_Hydr_sine:0.503926906274634):0.0655002934963868):0.0630617384722727,(NC020459_CNID_Chry_quin:0.100143052506299,((NC035740_CNID_Nemo_nomu:0.0551461747032934,NC016466_CNID_Cass_fron:0.16421572875779):0.0307080983972002,NC008446_CNID_Aure_auri:0.062272537841166):0.0150572898128471):0.194451841531185):0.0342352718620921):0.033295653703696,(NC018378_CNID_Reni_muel:0.034623542967991,(NC035665_CNID_Eugo_muta:0.0088695746031304,NC035667_CNID_Euni_cavo:0.0164524749323514):0.0149224437659293):0.160103585930726):0.0304621541115395):0.0350357717607846,((NC014884_PORI_Plak_mono:0.0221783357913411,NC014860_PORI_Plak_jani:0.0154482277626183):0.0800227575574775,(NC014888_PORI_Osca_tube:0.00466213042726235,NC014856_PORI_Osca_viri:0.00988010744680955):0.0492412922174163):0.0408987098529584):0.0481936589518281):0.016851033677043):0.117622506276622,NC010216_PORI_Iger_nota:0.150520387913619,(NC013662_PORI_Irci_stro:0.00887399554087666,NC010218_PORI_Vace_GW94:0.0199081385110584):0.497314449614445);
1
5.79135
0.58764
2148
32.2137
0.873866	0.383213	0.390799	0.353827	1.86189	0.92482	0.397234	1.4342	0.206692	2.55738	0.724078	0.615669	0.316524	0.333009	0.277226	1.63636	0.75739	0.860349	0.367619	0.847101	

4.36915	0.389655	1.22712	0.293475	5.37322	0.566122	0.307	0.394704	0.118443	1.61043	0.525588	1.25757	1.16817	0.0291189	7.04296	6.72198	5.78236	0.03535	0.0254978	0.163761	0.47844	0.984888	0.0845053	0.682432	0.983035	0.844515	1.02095	1.80632	1.26	0.0355084	0.089835	0.457283	3.43809	2.90844	2.06823	0.331442	0.517019	4.78317	0.00296813	0.242384	1.30426	0.0438279	0.577677	0.0451554	0.193514	3.57235	0.0230809	0.107486	0.485136	0.38576	0.323937	0.028243	0.0838788	0.37545	2.84825e-05	0.634135	0.205415	0.108317	1.17213	0.0807845	0.150295	0.392208	0.0617473	2.32241	0.508174	0.322638	1.26153	0.200511	0.0245918	0.123609	0.00841629	0.0535187	0.48596	0.187002	1.87527	0.646462	0.158821	0.0798053	0.0313048	0.00379402	0.175782	0.173758	0.48046	0.362336	4.57841	0.0422759	0.00555328	0.237609	0.0334345	0.0286645	0.620367	0.224678	0.323732	0.0765855	1.85506	0.288131	0.605677	0.0744728	0.0309168	0.000330531	0.334006	0.0359863	0.423502	2.20191	0.573946	4.14478	0.270438	0.345773	0.260305	0.0957366	0.000770601	2.4246	0.471741	3.21579	5.10919	0.302933	0.0638054	0.0262785	0.00896379	0.0431621	2.06237	15.9304	0.0638949	0.190209	0.135355	3.0597	1.87127	0.147023	1.73916	11.8149	0.984051	0.898621	0.23395	0.168195	0.441944	4.79899	0.170646	0.230857	0.371002	0.0804943	0.0690634	0.872566	2.03432	0.451511	0.236486	0.171968	0.156072	2.54066	0.125507	0.206972	3.67613	2.63165	0.331701	0.512833	0.604459	0.905136	0.495784	2.35011	1.01659	0.0604479	0.0527892	0.238696	0.99781	0.0542782	1.21538	0.372292	0.553185	0.264563	0.230553	2.99288	0.53289	0.179878	0.115217	0.0551371	0.343697	0.552397	0.402548	0.0447963	0.0314689	0.245553	5.32953	0.803582	0.947532	0.524799	3.73083	0.00592075	0.120154	0.392564	0.197589	0.857843	

0.00957903	0.000157761	0.023755	0.0202669	0.0468551	0.0163422	0.0291637	0.194332	0.000837671	0.24762	0.00115225	3.5701e-05	0.00238759	0.0347444	0.00180335	0.0726127	0.0209634	0.276636	1.72361e-05	0.000737357	
0.164981	0.00287983	0.000253637	5.85487e-05	0.306208	0.0769072	0.00397295	0.0520578	0.00288751	0.238072	0.0539148	0.0145875	0.000663245	0.0029071	0.000464799	0.0392106	0.0183855	0.0152931	0.000514444	0.0057808	
0.0111811	0.0209013	0.00990517	0.041476	0.143216	0.0494557	0.0278307	0.0204427	0.000242204	0.134257	0.0783586	0.238032	1.17324e-06	0.00621112	3.02875e-06	0.01106	0.0270142	0.00571939	0.0531503	0.121542	
0.0599193	0.0363296	0.00501195	0.00106916	0.0242333	0.013297	0.0229559	0.0173957	0.000130961	0.0986954	0.00380098	0.0199499	0.000284138	0.103917	0.000347579	0.204192	0.236857	0.0232039	0.000524334	0.127885	
0.00953013	0.000556253	0.00117592	0.00452184	0.0867501	0.107588	0.0136829	0.0144099	3.85166e-07	0.207574	0.0317103	0.148598	0.0413829	0.0025956	1.35094e-08	0.158284	0.0825478	0.0391414	0.00219729	0.0477535	
0.104113	0.0579714	0.00272251	0.000172198	0.154075	0.0362818	0.00419117	0.0704026	0.00112319	0.0137987	0.00778892	0.0139644	0.0188821	0.154584	0.0110438	0.255343	0.0146722	0.0402381	9.43804e-05	0.038537	
0.0819136	0.00895003	0.0056261	0.000109586	0.0859869	0.0205393	0.00482481	0.296435	7.10332e-06	0.243192	0.0186666	0.000101666	0.000387977	4.66501e-06	0.0133041	0.0134324	0.0331105	0.130286	0.041141	0.00198163	
0.00474827	0.000140001	0.00351722	0.0176189	0.135527	0.0438354	0.00125276	0.0255612	0.00254564	0.399459	0.0520955	0.000681866	0.0063399	0.0629224	7.58909e-09	0.0705226	0.0123072	0.0412973	0.0149585	0.10467	
0.0669977	0.000507872	0.276403	0.092446	0.1186	0.00327201	0.000834432	0.0559617	0.00444028	0.0197978	0.00672956	0.0166477	0.0189161	0.038026	1.58133e-05	0.053819	0.0450472	0.0865411	0.00302857	0.091969	
0.0474308	0.0111447	0.0296306	0.0151459	0.0814881	0.141129	0.00149435	0.16136	0.00850902	0.051687	0.0818535	0.0773934	0.00609233	8.25264e-05	1.25707e-05	0.0744522	0.0229302	0.175561	0.00800333	0.00459957	
0.00292934	0.00190725	0.0910572	0.107027	0.0300386	0.11098	0.0334548	0.0721269	0.115464	0.0715919	0.0169683	0.0567099	0.00770869	0.0139344	0.000721847	0.0572132	0.146987	0.0415131	0.021067	0.000600179	
0.0153083	0.000625874	0.0687469	0.109517	0.116053	0.0475103	0.0354311	0.00978589	0.0630936	0.0683293	0.00386505	0.111884	0.0618586	0.0339529	0.00627256	0.123201	0.0440754	0.00378946	0.0115457	0.0651549	
0.0909257	0.0178887	0.00220155	0.000671452	0.220014	0.0538922	0.00192619	0.132234	2.71393e-05	0.135985	0.0595347	0.0293479	0.00196099	0.000135288	0.00157353	0.0640533	0.034407	0.0963196	0.0262426	0.0306585	
0.0040262	0.0110493	0.0281154	0.00375635	0.142113	0.0110625	0.0101023	0.157078	0.0266848	0.294276	0.0180389	0.0519016	0.00340068	0.000819666	0.0384152	0.00739493	0.0225914	0.0717248	9.73851e-05	0.0973519	
0.0186686	3.13037e-05	0.00225293	0.0199841	0.0906039	0.063442	0.0871609	0.0198808	3.44152e-09	0.333288	0.0815708	0.126797	0.0114786	0.00555781	0.000709242	0.0476407	0.0256247	0.0189702	2.33096e-05	0.0463154	
0.00382246	0.000335797	0.00153021	2.0281e-05	0.215568	0.065267	0.0930724	0.248728	1.26554e-05	0.211175	0.00585343	0.00018877	0.000617755	0.0286917	0.000874537	0.00548532	0.00130687	0.0841028	0.0236809	0.00966629	
0.0419281	0.000443702	0.0913919	0.00699897	0.180298	0.0177073	0.00752771	0.0284759	0.00324739	0.169414	0.0403186	0.0421316	1.56927e-07	0.0482901	0.00840495	0.0812844	0.0294754	0.00255455	0.000185012	0.199922	
0.123497	0.0040991	0.0400091	0.0293251	0.182885	0.0265245	0.0435656	0.0573064	5.79303e-05	0.0774477	0.00552632	0.0373207	0.0547607	0.00083593	7.55777e-09	0.0701741	0.0490026	0.0297421	0.0493374	0.118583	
0.0273576	0.000716319	0.0730082	0.0221874	0.107061	0.00466617	0.0105171	0.0647784	0.0315289	0.106476	0.0353882	0.12551	0.0116382	0.0297559	0.0485999	0.151586	0.0267911	0.0449703	0.0206696	0.0567933	
0.32503	4.97216e-06	0.00201559	0.000257459	0.0571615	0.125292	0.0132726	0.113959	0.00605882	0.246185	0.00935325	0.00342651	0.00134551	0.00968679	0.0043955	0.0232086	0.0194736	0.0158304	0.000551888	0.0234913	
0.092377	0.00506018	6.17223e-05	0.000763299	0.0581105	0.0104741	0.0118676	0.100871	0.00285767	0.090367	0.0284755	0.0670937	0.268994	0.0380884	0.00236209	0.101013	0.00986709	0.0398752	0.0126718	0.0587489	
0.0756958	0.00483232	0.00572047	0.0168999	0.113243	0.00723939	0.00348457	0.0601502	0.00833793	0.0886374	0.00487285	0.0227691	0.377271	0.00997757	0.0202347	0.0542812	0.0335119	0.0530384	4.94533e-05	0.0397529	
0.0571904	0.00772435	0.00153055	3.87759e-07	0.0576236	0.0044333	6.83694e-06	0.188234	2.68816e-05	0.199293	0.00383898	0.00435071	0.000115909	0.000282734	0.00340085	0.0318973	0.163625	0.263152	0.000667911	0.0126049	
0.00789385	0.000983658	0.0425387	0.0285813	0.0620089	0.0184409	0.00324764	0.123827	0.0402148	0.441027	0.010395	0.0224418	0.000427646	0.019577	0.0218694	0.0437605	0.0726749	0.00381881	0.00473412	0.0315374	
0.108374	1.06822e-05	0.00878187	0.00835139	0.189573	0.117407	0.00732931	0.0159302	0.0107587	0.183419	0.011142	0.0172132	0.0204987	0.000109888	0.00398128	0.0809896	0.0932965	0.0258908	0.000312113	0.0966314	
0.00787641	1.20814e-08	6.59857e-06	7.28251e-06	0.378256	0.17176	0.0228548	0.00608783	0.00149275	0.027417	0.00722856	0.0481269	0.000505354	0.00830673	0.0334404	0.0553489	0.0248929	0.0112435	0.0454839	0.149664	
3.28981e-05	0.0353089	0.00697579	0.00275934	0.200556	0.0135789	0.000335158	0.18598	0.000921988	0.0665511	0.0550064	0.00781147	0.00179902	0.000773388	0.00884933	0.154809	0.0989141	0.10655	0.0292987	0.0231884	
0.0276014	0.0303095	0.0076251	0.0018076	0.12686	0.0512975	0.00224472	0.202248	0.000243025	0.218955	0.0117421	0.0144218	0.00794208	4.81536e-12	0.00011906	0.141234	0.0524726	0.0754917	0.0142467	0.0131372	
0.0363078	0.00224813	0.000203487	0.0100593	0.0556593	0.123645	0.0243625	0.0420649	5.1664e-08	0.13457	0.00111147	0.0159091	0.00932017	0.0632628	7.24566e-05	0.324146	0.00481326	0.0785703	0.0657473	0.0079261	
0.00428633	1.12479e-05	0.0528874	2.1463e-06	0.236299	0.0222942	0.00693587	0.116307	0.000160881	0.283855	0.0569449	0.00928062	0.0350907	0.0590413	0.00825671	0.00126541	0.031522	0.0388996	0.0245461	0.0121136	
0.00399781	0.0100984	0.0592319	0.0016376	0.177677	0.07195	0.00653793	0.0454693	4.52596e-06	0.199553	0.0126426	0.00123546	0.00458535	0.0527675	0.00368877	0.205008	0.0605717	0.0767439	0.00095176	0.00564721	
0.0891492	0.0322211	0.0449005	0.0447722	0.0595242	0.446656	0.00142291	0.0172561	0.00819632	0.0571946	0.0476409	0.003816	0.0290152	0.00566116	0.0171543	0.0304246	0.0186715	0.00984632	0.00125867	0.0352178	
0.00673744	0.000539165	0.0851305	0.0117035	0.0465909	0.0740406	0.0150975	0.149354	3.67462e-08	0.178871	0.0383931	0.0371072	0.125517	0.00250832	7.61561e-05	0.128353	0.0349936	0.0240129	0.0292581	0.0117161	
0.0270646	0.00934417	0.0328806	0.020075	0.309591	0.0968447	0.0163732	0.0242128	1.26781e-06	0.0476613	0.0724666	0.105378	0.00511227	0.00740182	0.0158581	0.0629447	0.0305904	0.0426195	0.015025	0.0585557	
0.0570589	2.05534e-06	0.0104584	0.0900547	0.0386756	0.0163054	0.0245518	0.0573791	2.20479e-06	0.108837	0.00653222	0.0940719	0.036914	0.0888357	0.000751833	0.0258351	0.134729	0.0195516	0.0651967	0.124256	
0.0410961	0.0179309	0.00648982	0.00260654	0.147082	0.0149633	0.000116257	0.0650205	1.55504e-05	0.517497	0.016545	0.000782712	8.18456e-07	0.0166261	0.00133043	0.03395	0.0109371	0.10085	0.00327618	0.0028846	
0.0286241	0.000286712	0.00236702	0.00202118	0.0469771	0.0175221	0.00835484	0.120808	0.000113836	0.452171	0.0336835	0.0211948	0.0135944	1.98976e-07	0.028867	0.064366	0.0220376	0.0232549	0.00996088	0.103795	
0.0208198	0.0072333	0.0144179	0.0524357	0.061328	0.0275205	0.0177755	0.0805441	0.0802387	0.136074	0.0269864	0.05467	0.022726	0.0779487	0.0323674	0.0792591	0.0678831	0.0570571	0.0175862	0.0651283	
0.0865807	0.122521	0.0115197	0.00015466	0.0860823	0.189142	1.52357e-06	0.00831148	0.0146748	0.120242	0.0732534	0.0526365	0.000309399	0.00775036	4.02954e-08	0.105827	0.0227736	0.0387808	0.0299352	0.029503	
0.225634	0.00311378	0.0207313	0.000767038	0.0629257	0.020346	0.0413654	0.0103837	0.0553697	0.0256334	0.0383529	0.00130609	0.13755	0.00444158	0.00881708	0.0222547	0.027533	0.270683	0.00868478	0.0141076	
0.035687	0.0117763	3.50574e-05	0.00338166	0.259247	0.0414796	0.00127818	0.0873929	0.000639492	0.306596	0.0445059	0.00820253	0.0135177	2.33355e-07	8.4452e-07	0.0228099	0.0795859	0.060388	0.00550158	0.0179742	
0.0629021	6.42744e-05	0.0185534	0.00232349	0.0482765	0.0247032	0.0887769	0.185064	0.000205796	0.159722	0.0653479	0.0228981	2.36266e-06	0.0176086	0.001049	0.271141	0.0269998	0.00330206	1.12498e-06	0.00105858	
0.0190569	0.075632	0.000249574	2.44323e-05	0.0521872	0.199884	0.000572786	0.0608136	4.6133e-10	0.300446	0.0128309	0.00323523	0.0799206	0.00133907	0.0543929	0.0616836	0.00183146	0.0517976	0.0116442	0.012458	
0.0723039	0.0514882	0.0266233	0.052469	0.0807791	0.0121333	0.000484463	0.0512476	0.000302011	0.169073	0.0581576	0.114317	0.000181645	0.00024351	0.00374331	0.0977834	0.084569	0.105641	0.00493872	0.0135208	
0.0623793	0.000133591	0.0243306	2.4538e-06	0.0320096	0.0210376	0.0378929	0.0780705	0.0505588	0.236143	0.101753	0.0569773	0.000959456	0.0185848	0.00574841	0.039414	0.0467476	0.144044	0.024041	0.0191719	
0.0561632	0.0026565	0.000210164	7.93056e-07	0.239905	0.0581724	0.000168748	0.0756565	0.108582	0.403823	0.0101866	0.0105222	0.00281644	2.63998e-07	1.40246e-05	0.00417196	0.00696856	0.010041	0.00401588	0.00592495	
0.0954291	6.97642e-05	0.00826056	1.63494e-05	0.0535106	0.2513	0.00497528	0.0316604	0.0024815	0.209876	0.051237	0.0225967	0.000164161	0.0180086	0.00132866	0.22254	0.00425935	0.000173709	0.00965255	0.0124593	
0.0528437	0.000831152	0.0448731	0.0120518	0.110708	0.235674	0.0117545	0.0255103	0.00358543	0.101509	0.0139267	0.0473621	1.61578e-09	0.0439527	3.40645e-05	0.0728396	0.0131641	0.00490424	0.176684	0.0277917	
0.00259674	0.0988607	0.0395875	1.07383e-07	0.381703	0.0366843	0.0124352	0.0384904	3.23198e-05	0.111746	0.109932	0.00298658	0.00218936	0.0117236	0.00692324	0.0148009	0.0065796	0.000499887	0.110556	0.0116741	
0.152713	0.0403801	0.00930633	0.000344289	0.0493302	0.0370475	0.00380191	0.00697889	5.02139e-05	0.0651243	0.00246692	0.0175121	0.00488283	0.000596065	0.0119892	0.533821	0.0468095	3.84193e-05	9.35834e-05	0.0167133	
0.0072769	0.00248167	0.150019	0.0110478	0.379507	0.0105643	0.00135371	0.0303058	0.0186312	0.0504074	0.163152	0.031412	0.0284361	0.000200405	0.000406009	0.0636249	0.00658798	0.0347511	0.00130079	0.00853486	
0.0066449	0.034836	0.00464546	0.0230758	0.194601	0.0164709	0.0314964	0.0664319	0.0116545	0.0628451	0.0172515	0.172661	0.00341526	4.36005e-06	0.0233246	0.100978	0.0642124	0.105796	0.00426728	0.0553883	
0.261116	0.000184663	0.0008123	0.00603318	0.0418898	0.118934	6.96283e-05	0.0167082	0.0147496	0.0706883	0.000535302	0.0665979	4.67615e-05	0.0231722	0.0581804	0.202744	0.012446	0.00253256	0.0487771	0.0537816	
0.0283885	0.00307898	0.0119934	0.0768977	0.104359	0.0175846	0.0113951	0.183963	3.33944e-05	0.275163	0.0575639	0.0164324	0.00489803	0.0252961	0.00903998	0.0394276	0.0195836	0.0305939	0.0312959	0.0530122	
0.00331815	0.0103388	6.00213e-06	0.0110996	0.174346	0.0338447	3.01755e-06	0.257645	1.08004e-05	0.157239	0.0153201	0.0141799	0.0325237	0.0139153	0.000218076	0.00923039	0.03002	0.149779	0.0453543	0.0416072	
0.0166945	0.0480396	0.00995788	6.48023e-05	0.0668155	0.329922	0.0239305	0.174316	2.14485e-13	0.245507	0.0142758	0.00327893	0.00391189	0.000206515	0.000275206	0.00940821	0.00380065	0.00351855	0.0241926	0.0218845	
0.145591	0.0358276	0.000416104	0.0105283	0.068339	0.105539	0.00879852	0.182192	0.00415699	0.045455	0.158163	0.0100012	0.000111535	0.00278991	4.66542e-11	0.102408	0.00701364	0.0205865	0.0670498	0.025033	
0.113389	0.00871286	0.00881865	0.043773	0.147369	0.0158756	0.00169948	0.145504	0.0629601	0.156169	0.00417388	0.0161708	0.00421932	0.0303029	3.03586e-10	0.114036	0.0865165	0.0369339	0.000102391	0.00327319	
0.0274887	0.00736574	0.0110217	0.00420407	0.105327	0.0842145	0.000161945	0.00270844	0.000632256	0.0318086	0.00244753	0.0351862	0.140484	0.00835202	0.0677022	0.105476	0.177677	0.00342809	0.0317958	0.152517	
0.051001	0.011057	0.0044007	0.00669388	0.146577	0.0276775	0.00264539	0.140133	0.166385	0.125695	0.0104318	0.0598643	5.05535e-05	0.0104275	0.0283672	0.0280879	0.0426827	0.0276611	0.0265311	0.0836298	
0.00779718	0.00395496	0.0106402	0.0264641	0.206624	0.0565816	0.052433	0.0279306	6.2625e-07	0.285629	0.208721	0.000954226	0.000325766	0.0389483	0.00174675	0.0268265	0.0160043	0.0148071	0.000195965	0.0134146	
0.14871	0.0220976	2.51866e-05	0.127839	0.0372902	0.0929233	0.0866535	0.0574146	1.04174e-05	0.0601436	0.029712	0.0259121	0.00356109	0.041473	0.0066982	0.180906	0.00902149	0.00963193	0.0294276	0.0305494	
0.00565808	0.0121259	0.0080858	0.0453784	0.132453	0.0518008	0.000334339	0.0280223	5.25858e-05	0.299666	0.0998762	0.0280871	0.0125272	0.000350377	0.000324161	0.232625	0.00821736	0.0121308	0.00125083	0.0210328	
0.0240159	0.0950503	0.00242492	1.79155e-06	0.131328	0.0799198	0.000241621	0.0564567	1.07418e-05	0.127437	0.072209	0.00432863	0.00909594	0.0753519	0.00772232	0.128414	0.00202399	0.0497006	0.00611621	0.128151	
0.0257049	0.0131933	0.00612466	0.032873	0.0494849	0.0418834	0.0112011	0.108461	0.00818588	0.08372	0.00134497	0.0930544	0.0162806	0.00677955	0.0230545	0.0620233	0.129216	0.119557	9.19248e-06	0.167848	
0.231467	0.029927	0.00252198	0.00234064	0.0834033	0.0957893	0.00106242	0.0280798	0.0143837	0.0905088	0.093443	0.00449975	5.00562e-08	0.00221265	0.014445	0.212192	0.0164522	0.0464911	0.0169661	0.0138142	
0.0927026	0.000582425	0.00666611	0.000719598	0.0514764	0.0577848	0.00475272	0.0400017	1.61133e-07	0.280533	0.00296225	0.0875813	3.76613e-05	0.0379234	0.0303735	0.0426965	0.0417946	0.178126	0.010094	0.0331912	
0.0128383	0.00448345	0.0346836	0.0273597	0.248564	0.00451669	0.0136185	0.0514843	0.000752668	0.199361	0.109016	0.0012944	0.000308357	2.37835e-07	0.00103902	0.0274555	0.142098	0.0040429	0.0210561	0.0960269	
0.0126103	1.02184e-07	0.00315495	2.1965e-05	0.0711138	0.119742	0.00797776	0.196442	4.43712e-10	0.130771	0.027401	0.0013337	0.00174332	0.000151667	0.00153597	0.127321	0.232536	0.0378947	0.0176239	0.0106248	
0.0712483	0.0149733	0.000137391	2.23446e-05	0.194843	0.0321276	0.00928836	0.165274	0.000127992	0.175625	0.0047959	0.0168016	0.00017253	0.0103926	0.0271132	0.00603638	0.00247005	0.253978	5.62895e-05	0.0145166	
0.0180738	0.148987	0.0226618	1.44528e-05	0.271826	0.215284	0.00372701	0.00494111	0.00268158	0.165734	0.0180151	0.00153134	0.00540972	0.00338989	0.00376627	0.0658226	0.0245172	0.00325628	0.00417551	0.0161855	
0.0309503	0.0363074	0.00645653	0.000644781	0.161736	6.956e-05	0.0329849	0.0626061	0.000769091	0.167946	0.0533549	0.0977711	0.00436826	0.0287779	1.15001e-07	0.108181	0.105852	0.0467349	0.00641538	0.0480736	
0.0204669	0.0117811	0.000515206	0.0106327	0.270189	0.0734808	0.146866	0.0491007	0.0926266	0.0537824	0.024054	0.0100613	0.0320698	0.00180348	0.000337683	0.0257687	0.00470277	0.0352572	0.115847	0.0206562	
0.0141424	0.0432568	0.000543744	0.00385793	0.254937	0.0922921	0.0151885	0.121425	0.00365835	0.127409	0.0177409	0.0320485	4.8839e-05	0.000673577	0.0120561	0.0335514	0.00315075	0.0706692	0.0988361	0.0545144	
0.0943639	0.0184239	0.00460366	8.47801e-05	0.0662212	0.210688	0.00252031	0.139956	0.00259633	0.153785	0.00975224	0.00517942	8.77667e-06	0.00191954	0.00189651	0.106951	0.00195996	0.0259998	0.00531801	0.147771	
0.00135993	4.65874e-05	0.01513	0.00125145	0.0782942	0.0316115	0.0679095	0.111414	9.90059e-10	0.0167387	0.00180244	0.0441106	0.000355351	0.114033	1.56605e-07	0.0455296	0.0426825	0.37366	0.00258705	0.0514833	
0.105155	0.0117335	0.000811582	0.00646074	0.115039	0.0766088	1.26896e-06	0.0815821	0.0398506	0.141819	0.0567122	0.128542	0.000650488	0.00939758	1.5945e-08	0.0754373	0.00894884	0.0899003	3.03503e-05	0.05132	
0.0109997	0.000329034	0.0101565	0.0189769	0.0918239	0.00799121	0.00358544	0.0688361	0.0388027	0.110262	0.0779369	0.0987458	0.00178047	0.0168698	0.0242943	0.101904	0.157519	0.0212837	0.077987	0.0599148	
0.00359281	0.00875656	0.00132956	0.00283141	0.225826	0.045022	0.0341109	0.0981756	0.0269094	0.130548	0.0398009	0.0426297	2.54299e-07	0.00425743	0.00405686	0.0982934	0.0329725	0.171716	0.016109	0.0130623	
0.0732871	9.39666e-05	0.00156943	0.0952163	0.0309706	0.00821074	0.00600533	0.0682359	0.135226	0.209377	0.0260236	0.023248	2.75034e-05	0.075221	0.00309897	0.0493791	0.0670737	0.00615734	0.020161	0.101418	
0.0668487	0.000193667	0.0609457	2.47655e-05	0.11959	0.0780495	0.000145777	0.103896	0.0992644	0.287731	0.00268539	0.00285194	0.0011274	0.0105248	8.5836e-06	0.0562431	0.0174508	0.000559378	0.0340802	0.0577792	
0.0134231	8.46685e-06	0.00234963	0.000311778	0.185969	0.0153183	0.0360317	0.285224	0.00594102	0.166534	0.00212147	0.000867348	0.0326368	0.00737732	1.71203e-06	0.011447	0.000394132	0.060636	0.0119303	0.161477	
0.0728761	0.0517013	2.06177e-07	0.000894827	0.0400912	0.0386972	0.00107738	0.0775205	0.00126145	0.158601	0.127133	0.127552	1.84465e-06	0.00566225	0.0011728	0.0758394	0.00794218	0.0845084	0.00100455	0.126463	
0.0116593	0.000257524	0.00675991	0.000224309	0.0532238	0.00780889	0.0182856	0.15507	0.00799963	0.101727	0.172472	0.000485369	0.0238216	0.000503686	0.0342292	0.179309	0.0855789	0.0109754	0.0111742	0.118434	
0.00154557	0.0293278	0.0340225	0.00654689	0.11837	0.0614647	0.00115375	0.0506741	0.000957175	0.297106	0.0194598	0.018556	0.00337039	0.0273932	0.00469105	0.027081	0.0643341	0.220179	0.000231609	0.0135358	
0.0383921	5.84627e-05	0.0554937	0.0167383	0.100697	0.00605709	0.017833	0.0864228	0.063067	0.131131	0.0143871	0.00352575	0.0339489	1.36586e-05	0.0828921	0.130172	0.00648957	0.144275	0.0153695	0.0530355	
0.0163813	0.00387908	0.0137142	0.0108411	0.0828357	0.0759741	6.29242e-05	0.2529	2.46767e-05	0.231642	0.0259989	0.00111814	0.0455201	0.0272901	0.0426361	0.0648711	0.00471346	0.0485434	0.01325	0.0378034	
0.0515063	0.0458115	0.011285	0.000538555	0.16059	0.00268151	0.000180851	0.0141464	0.00117659	0.192074	0.0107997	0.000108049	0.00245676	0.000792328	0.000266311	0.275856	0.0509041	0.0892542	0.0260318	0.0635404	
0.00433614	0.00049337	0.0041077	0.0594489	0.0353689	0.0710676	0.026847	0.193467	0.000339358	0.207023	0.0478079	0.00222719	1.46776e-08	0.00584018	0.0121557	0.0831532	0.0223869	0.00464385	0.135938	0.0833482	
0.0917664	0.00767092	0.0251485	0.00222822	0.103145	0.00142314	2.69112e-05	0.078505	3.40777e-08	0.109333	0.0273237	0.0204064	0.0505264	3.25133e-06	7.4664e-10	0.0528239	0.14538	0.0945829	0.149901	0.0398043	
0.153424	0.0768249	0.0349922	0.0205299	0.263525	0.079349	8.1496e-08	0.0283579	0.000295231	0.0434099	0.058006	0.00126641	0.000269502	0.00487293	0.0317178	0.110999	0.00142488	0.057977	3.90415e-06	0.0327537	
0.0184878	0.000454534	6.58943e-05	0.000166159	0.024094	0.0562226	0.00253367	0.188734	1.67132e-07	0.135379	0.00158174	0.00384381	5.93359e-06	0.00861542	0.03863	0.184489	0.15236	0.145334	0.00108105	0.0379214	
0.00297102	0.0296824	0.0291387	0.00976646	0.175738	0.0166892	0.116349	0.0712851	0.00199194	0.0272641	0.206342	0.00870786	0.000173057	0.000995635	0.0931761	0.109334	0.0110068	0.0239948	1.0003e-07	0.0653928	
0.00521486	0.0588666	0.00166708	0.0174537	0.279785	0.0109222	0.000236206	0.177589	0.00024068	0.137871	0.00219756	0.117311	0.00297128	0.00240538	0.0195803	0.071973	0.0397484	0.0280793	0.00103046	0.024858	
0.0219339	0.00108535	0.0266273	0.000704349	0.125045	0.0257684	0.00050578	0.0587394	0.000460611	0.325503	0.14709	0.04	0.0125528	0.000213524	6.88319e-08	0.019995	0.0373104	0.0445107	0.0100488	0.101906	
0.104464	0.0285888	0.000598741	0.0191177	0.240198	0.0935593	0.00616343	0.0894638	0.00240664	0.157855	0.0432679	0.0877932	0.00241222	0.010847	0.0014908	0.0473235	0.0132233	0.0301312	0.000631939	0.0204637	
0.0788552	0.000812385	0.0531532	0.134415	0.0215613	0.0222118	0.0353168	0.167323	0.0177558	0.0868384	0.0298196	0.0281898	0.00168016	0.0425844	0.0115264	0.0449345	0.0117651	0.127645	0.0297999	0.0538127	
0.0487871	0.0880219	0.00168854	0.00813968	0.0793216	0.00440683	0.00403255	0.197771	0.0123302	0.138556	0.0601226	0.0735044	0.0523093	0.0435403	0.00416478	0.0644086	0.00473746	0.00571674	0.01782	0.0906203	
0.0701303	0.112894	0.0163031	0.0016698	0.0926793	0.109173	0.0191654	0.0678202	0.000969633	0.225927	0.00556168	0.0200172	0.0119613	0.0152577	3.19975e-05	0.0527015	0.0128639	0.0194492	0.000272231	0.145151	
0.15912	0.000338235	0.00812591	6.60469e-06	0.047676	0.0392958	0.0391418	0.274434	3.36416e-07	0.0412744	0.000156809	0.00044976	0.00109041	7.18347e-05	5.85287e-05	0.132307	0.0518516	0.0496961	0.122138	0.0327673	
0.0470288	0.00511399	0.0155842	3.62011e-06	0.23058	0.00328455	0.0166684	0.184229	1.79331e-05	0.152513	0.0670603	0.0120216	0.0229046	0.00863873	0.00038156	0.194873	0.00113625	0.030467	0.00158722	0.00590584	
0.0373559	0.0013353	0.000192425	0.00647233	0.126791	0.00419313	2.51126e-05	0.255568	4.89452e-05	0.143751	0.0531025	0.0275443	0.000239728	0.000194043	0.0253025	0.101262	0.0583034	0.0565696	0.0143554	0.0873936	
0.0460042	0.028617	0.00709977	0.00719088	0.092744	0.0155751	5.67325e-08	0.0863793	8.28504e-05	0.201823	0.0519638	0.110493	0.000112078	0.0814551	0.000843953	0.199722	0.00220314	0.0464526	0.0174968	0.00374038	
0.000466453	0.00296619	2.4558e-06	0.0580699	0.165873	0.0233314	0.0220621	0.0998781	0.0229775	0.131989	0.0225788	3.00098e-05	0.0370934	0.0606516	0.0582202	0.119057	0.0065752	0.0696272	0.0349574	0.0635931	
0.0716257	0.0168625	0.000541242	1.3192e-05	0.019313	0.143401	0.113074	0.0687123	0.0589404	0.146803	0.0144037	0.122844	1.34943e-05	0.037256	0.0450976	0.121074	0.00909674	0.00708812	0.000644823	0.00319401	
0.0486473	0.00261709	0.0609284	0.117666	0.0820623	0.00851838	0.0268729	0.162171	0.00466483	0.169726	0.0774435	0.015823	0.0978808	2.32798e-06	0.00220968	0.0370353	0.000358061	0.0538485	0.00173227	0.029792	
0.0998645	0.00983772	0.0910826	0.0706637	0.0281974	0.0129037	0.0066114	0.211294	0.000684538	0.133779	0.00637775	0.01006	0.0378674	0.000377848	0.0071569	0.0720531	0.00773168	0.0258434	0.101018	0.0665953	
0.0476042	0.0132944	0.00968826	0.0344621	0.090807	0.00184912	0.00793971	0.0449227	0.00926301	0.257824	0.0593048	0.0619001	0.0520087	0.000232331	0.0552828	0.138422	0.0149305	0.000443306	0.0419366	0.0578846	
0.336167	0.000417918	0.01027	0.0102355	0.0589229	0.168486	0.00739045	0.0604097	0.000223	0.0692742	0.030905	0.00574456	0.00813786	0.0050667	0.0113018	0.0424313	0.0113611	0.0190342	0.0102485	0.133973	
0.0391884	0.00795172	0.0269287	0.03351	0.138416	0.0164096	0.000553732	0.266037	0.00187005	0.0456732	0.0533911	0.0484132	6.10165e-05	0.0381507	0.000137205	0.159843	0.015097	0.096798	0.00135859	0.0102113	
0.0326602	0.0433194	0.00507869	0.0358673	0.21087	0.0441774	0.0241818	0.11012	0.00745778	0.131102	0.0235572	0.00849389	0.0935303	0.00623632	0.00131474	0.100171	0.0204185	0.00474459	0.00223942	0.0944591	
0.00859581	0.0115708	0.0273582	0.0586419	0.219684	0.0268169	0.00122061	0.0158855	0.0254758	0.292317	0.023016	0.0293954	0.00294721	0.000695891	0.000100891	0.13355	0.0995971	0.00239449	0.00514862	0.0155884	
0.00181389	0.00366219	0.0217595	0.00230483	0.148928	0.0313067	0.00130503	0.157514	0.0192584	0.0330979	0.0452491	0.000437548	6.75752e-05	0.00175522	0.0342457	0.220287	0.00877513	0.077857	0.00471717	0.185658	
0.0479402	4.31401e-08	0.00135611	0.0411551	0.165683	0.0238601	0.0135571	0.00685067	0.199621	0.0168421	0.0455301	0.090218	0.000131869	0.00318183	0.00613516	0.03612	0.071417	0.0352314	0.00199679	0.193173	
0.033257	0.00121669	0.00814508	0.00190643	0.154318	0.0590679	0.0132122	0.186163	0.00141022	0.147865	0.0341788	0.0803625	2.42592e-06	0.000157999	5.50097e-05	0.112342	0.0444115	0.0163834	0.0321156	0.0734302	
0.0654837	0.025265	0.00688768	0.0871809	0.0885372	0.0999783	1.20723e-06	0.123188	3.35891e-06	0.263643	0.0329561	0.037056	0.00123213	0.00550563	5.4966e-05	0.0428583	0.0169398	0.0715759	0.0174848	0.0141684	
0.010822	0.0110544	0.00183867	0.122338	0.132418	0.0813182	0.0219022	0.0768218	0.00575363	0.0517101	0.00586813	0.00700091	0.00720471	0.0814655	0.0547546	0.278287	0.0003231	0.0100566	0.000660809	0.0384021	
0.000537737	0.0138151	0.00331661	8.57901e-06	0.0664929	0.195635	0.00944859	0.0522239	0.0802986	0.17487	0.193757	0.0195446	0.00417073	0.0159495	0.000500749	0.0681212	0.070149	0.030033	2.05035e-08	0.00112744	
0.158345	0.00365427	0.00461893	0.000795122	0.165631	0.0153604	0.0348021	0.0603243	4.9109e-05	0.0266955	0.0144201	0.00945688	0.00203307	0.000857125	0.040264	0.114022	0.0488916	0.256151	0.00804797	0.0355798	
0.0199623	0.0140303	0.00773386	0.075278	0.0782638	0.022085	3.72807e-07	0.0552873	0.000752726	0.336195	0.157722	0.00431813	0.000416464	0.000662453	0.00720202	0.10806	0.0315868	0.058542	0.00342346	0.0184785	
0.0590104	0.011176	0.164718	0.0182967	0.0402211	0.0756831	0.000972411	0.0525943	1.69787e-05	0.198512	0.00879025	0.0061152	0.0176973	0.00455644	0.00106249	0.0524377	0.0134477	0.0952798	0.176108	0.00330314	
0.0441644	0.0850727	0.000680391	0.0578139	0.0272344	0.0372788	0.205272	0.0638023	4.61447e-06	0.0488286	0.00217166	0.0075819	0.00108855	0.0776761	0.0313506	0.100253	0.0314207	0.163622	0.00277702	0.0119055	
0.0194051	0.000463002	0.000259479	0.0687307	0.142344	0.0809875	0.0124929	0.33405	0.00732349	0.0736497	0.00672522	0.0526014	0.0453777	0.0029204	0.0120234	0.0261685	0.0338814	0.010601	0.018403	0.0515924	
0.0713331	0.0131456	0.055321	0.0212936	0.0677533	0.0013798	0.0222792	0.0850041	0.000853976	0.153809	0.000555739	0.123327	0.021238	0.0119587	0.00102275	0.150886	0.0374081	0.140477	8.72753e-05	0.0208671	
0.0340703	7.20173e-07	0.0641719	2.22133e-06	0.0388966	0.161641	0.074221	0.0566877	1.1642e-05	0.112121	0.0519629	0.0137201	0.154111	0.0429833	0.0115002	0.0357275	0.0163416	0.109316	1.34166e-06	0.0225112	
0.0161506	0.000255513	0.0025773	0.00141533	0.126505	0.217349	0.0199148	0.178213	4.25809e-05	0.187299	0.00529024	0.00581981	0.00183318	6.68675e-05	0.00274943	0.108345	0.00986438	0.115761	0.00016059	0.000387758	
0.0910382	0.0084219	0.00390333	0.00164502	0.0343003	0.0416276	0.00225911	0.0550723	4.13483e-06	0.362803	0.0562248	0.0370718	0.0746136	0.039259	4.75033e-06	0.0880267	0.0488981	0.052055	0.0023476	0.000423492	
0.000824409	0.0566212	0.00259145	5.67527e-05	0.119078	0.113645	0.000939587	0.0871509	0.00137781	0.139475	0.0599649	0.0444206	0.164075	0.0174557	0.000389739	0.0723424	0.013153	0.0843819	0.00745117	0.0146042	
0.0367302	0.00757616	0.0028985	0.000395108	0.238104	0.000953594	0.0340955	0.118919	0.000308478	0.0859326	0.345625	4.5466e-05	0.000851733	0.00552217	3.76557e-06	0.0495506	0.0245307	0.0249322	0.00349131	0.0195341	
0.034252	0.00413495	0.0242718	0.0547744	0.132754	0.276104	0.00335194	0.0332098	0.0128833	0.186403	0.00319117	0.023409	0.00796869	0.0292122	0.00117892	0.027242	0.0634012	0.00280182	0.00291432	0.0765418	
0.0704929	0.0355651	0.0821075	0.00606396	0.0331822	0.0410236	0.00452782	0.121436	2.45385e-06	0.156571	0.00907887	0.106178	1.93389e-05	0.0332456	0.000990146	0.156417	0.107784	0.010327	0.00198411	0.0230031	
0.00892628	0.0139405	0.000122841	0.000625248	0.127337	0.181165	0.0151625	0.0935768	0.000195159	0.166522	0.0455477	0.0151832	0.00261919	0.00023927	0.0135968	0.0218232	0.0521615	0.0373245	7.50727e-08	0.203931	
0.0110861	0.0172837	0.000536429	0.000688333	0.0575264	0.157504	0.00943373	0.158134	0.0400289	0.139875	0.0119586	0.00394981	0.0469291	0.00255761	0.00354372	0.192209	0.0489331	0.0375658	0.000982408	0.059275	
0.00231684	1.2323e-06	0.0324817	0.00661873	0.305736	0.0372682	0.00267579	0.0505377	7.62593e-05	0.152879	0.064226	0.113997	0.110645	0.000328228	0.00893582	0.058356	0.0158746	0.00362267	0.000496602	0.0329262	
0.0297404	0.0108996	0.00118249	0.0167945	0.0376156	0.141424	1.13155e-08	0.0942428	0.000141381	0.106096	0.140759	0.00130134	0.0018323	0.0591673	0.0343934	0.0255336	0.125294	0.120777	0.0144469	0.0383576	
0.0379031	4.79064e-09	0.182744	0.0225267	0.0808045	0.0401551	0.00621448	0.0268632	6.03627e-08	0.208541	0.0384435	0.0392587	0.000344263	0.0942911	0.000208686	0.095979	0.00294965	0.0585909	0.00236996	0.0618115	
0.00781658	0.0115536	7.00429e-08	0.0679226	0.134127	0.0231003	0.0134838	0.146101	0.0261791	0.291233	0.00819395	0.000501555	0.0165078	0.000136113	8.74187e-06	0.12972	0.0118215	0.0100992	0.00352999	0.097964	
0.059478	0.00211874	0.0282002	0.0513262	0.0561034	0.0157688	0.0043051	0.316637	9.53059e-06	0.154645	0.11256	0.00277972	0.0241937	0.0162643	1.84347e-06	0.0574043	0.0592369	0.00636254	0.0101171	0.0224878	
0.0539916	0.000766465	0.00504226	0.0354461	0.0783879	0.016788	5.53364e-05	0.342946	1.70148e-05	0.122833	0.0722004	0.0542983	0.00149665	0.0161904	0.00929653	0.0509375	0.0122607	0.00272434	0.000140525	0.124181	
0.0525677	0.0215638	0.0373786	0.00640166	0.0909222	0.298904	0.000234712	0.0674712	1.45944e-05	0.148863	0.0186717	0.0365384	0.00306354	0.0120484	0.0549943	0.0596982	0.00653844	0.0550769	0.0119842	0.0170644	
0.00384007	0.0604572	8.8846e-05	4.20877e-06	0.141761	0.0110731	0.0384288	0.062382	0.0799532	0.14786	0.1201	0.0128755	0.00318597	0.000171425	0.0559016	0.0137646	0.0324576	0.157806	0.0543386	0.00354998	
0.0747627	0.0297436	0.00195054	0.000203223	0.168305	0.153062	0.0358424	0.0891334	0.000287219	0.0970325	0.0609931	0.0293154	0.0658568	0.0462265	0.000145977	0.0342326	0.00578034	0.0724673	0.000649167	0.0340101	
0.0079239	0.000341701	0.0385409	0.000963113	0.0981654	0.00246734	0.0244336	0.0280547	3.12051e-06	0.343718	0.0404393	0.0408719	0.126721	0.00623442	0.00183501	0.089967	0.0397884	0.0656665	0.00811536	0.0357494	
0.204144	0.00495088	0.0155397	0.000166182	0.0641063	0.0205732	0.0513598	0.18017	0.00173404	0.0878495	0.00989768	0.00124434	0.00246592	0.002284	2.57769e-08	0.0670363	0.152134	0.116565	0.00837969	0.00940015	
0.342556	0.00367041	0.0653512	0.00117549	0.111976	0.0295412	0.0150441	0.0649967	0.000123722	0.0634233	0.0147182	0.0315743	3.73812e-07	0.0210026	0.0265753	0.061567	0.000436142	0.0280501	0.0759898	0.0422279	
0.0438632	0.000147037	0.000344359	0.0374633	0.0242711	0.0200746	0.00267319	0.116313	0.000165726	0.267874	2.58644e-05	0.00548667	0.00510151	0.0337001	0.00715602	0.219746	0.00354823	0.0236133	4.23405e-05	0.188391	
0.0858895	0.017524	0.00891198	0.118338	0.0693929	0.032638	0.0134074	0.118809	0.01237	0.110114	0.0306556	0.0199248	0.0116016	0.0386031	0.0021108	0.109341	0.00222388	0.0740741	0.123879	0.000191765	
