
maxdiff     : 0.0598201
meandiff    : 0.00355412

