CATGTRSBDP
1	-1	5200
1
1.8
0	0
0	0
../../../fasta_sequences/alignments/ctenos_all_proteins_noguidance/all_proteins_ctenos_monoallo_noguidance.phy
4
0
Universal

0
0
0
None
0
10	0
0
((((MG655622_CTEN_Bero_fors:0.00160129031560901,MG655624_CTEN_Bero_fors:0.00351497101492182):0.000489247375345888,MG655623_CTEN_Bero_fors:0.000545149936805455):0.344973248602318,(((LN898114_CTEN_Coel_yuli:0.0314416390048776,LN898113_CTEN_Coel_loya:0.0257229636420672):0.274916269534107,LN898115_CTEN_Vall_mult:0.476373957738563):0.163689904583985,(NC001715_FUNG_Allo_macr:0.604736908144887,AF538053_CHOA_Mono_brev:0.222233292085825):2.81441240512504):0.586981608804917):0.0907006383620865,NC016117_CTEN_Mnem_leid:0.33279595198997,JN392469_CTEN_Pleu_bach:0.541200593069718);
((((MG655622_CTEN_Bero_fors:0.00160129031560901,MG655624_CTEN_Bero_fors:0.00351497101492182):0.000489247375345888,MG655623_CTEN_Bero_fors:0.000545149936805455):0.344973248602318,(((LN898114_CTEN_Coel_yuli:0.0314416390048776,LN898113_CTEN_Coel_loya:0.0257229636420672):0.274916269534107,LN898115_CTEN_Vall_mult:0.476373957738563):0.163689904583985,(NC001715_FUNG_Allo_macr:0.604736908144887,AF538053_CHOA_Mono_brev:0.222233292085825):2.81441240512504):0.586981608804917):0.0907006383620865,NC016117_CTEN_Mnem_leid:0.33279595198997,JN392469_CTEN_Pleu_bach:0.541200593069718);
1
1.83819
0.967614
4234
3.47888
1.13309	0.31247	0.413952	0.201908	3.48839	1.25376	0.883237	1.62538	0.394989	2.33162	1.1386	0.637527	0.948874	0.770326	0.272895	1.8897	0.812998	1.09655	0.736532	1.55363	

4.7533	0.651858	0.80069	0.266191	4.07944	0.229692	0.18268	0.00121793	0.276815	0.0331522	0.107657	1.24179	0.498967	0.174713	5.73015	3.95985	1.94564	0.436441	0.236135	0.266866	0.576524	0.560152	0.164933	1.57605	0.712524	0.0517643	1.14704	4.12494	2.44828	0.312144	0.360415	0.117732	3.51649	3.73625	2.26349	2.03173	0.110392	4.59403	0.0225076	0.39104	0.117896	0.367948	0.307794	0.0683735	0.728905	1.85449	0.334121	0.582263	0.136277	0.694983	0.000932705	0.722085	1.33781	0.111401	0.0115902	0.189165	1.10114	0.956323	0.514124	0.370953	0.893403	1.00068	0.601696	2.81318	0.103156	1.33078	1.86041	0.419243	0.0125091	0.468733	0.104753	0.46192	1.71987	0.638739	3.28514	0.448048	0.731912	0.33045	0.0934614	0.0699497	0.181828	0.256166	0.561693	0.848929	5.88971	0.335777	0.126026	0.263263	0.304259	0.00323679	1.18354	0.148003	0.37492	0.161008	1.09224	0.161067	0.12719	0.385205	0.385518	0.187984	0.0838068	0.476925	0.807341	2.0669	0.0649127	1.52364	1.19974	1.03907	0.297355	0.0342676	0.370596	1.30315	0.24123	5.20186	3.93258	0.29668	0.185046	0.683028	0.0563463	0.663827	2.29905	18.2612	0.195008	0.0822395	0.449062	3.00166	2.63857	0.237264	3.35967	4.57188	1.01078	2.3053	0.228024	0.0231396	0.971265	5.61434	0.382633	0.0475948	1.10961	0.726805	0.905412	0.725212	0.329264	0.777053	0.759518	1.64556	0.108467	0.398066	0.0949361	0.235384	0.224929	0.469954	0.317086	0.280942	0.752544	1.10411	0.0856859	5.15844	0.747235	0.514924	0.0268323	1.41076	0.541827	0.161328	0.685729	0.788464	0.000611355	0.262358	0.233076	0.294991	0.621804	0.521328	1.88568	0.69855	0.999387	0.488625	0.236959	0.667535	0.600468	0.0797935	5.60161	1.34489	2.64719	0.860875	2.99462	0.306048	0.155318	0.165876	0.635284	0.692902	

0.019622	0.00470452	0.0652645	0.0431598	0.120781	0.0309921	0.01877	0.0590855	0.0549166	0.0766358	0.011436	0.121964	0.0338985	0.0213734	0.0457496	0.0897718	0.051702	0.04574	0.0091707	0.0752621	
0.0427918	0.00886174	0.00262646	8.10228e-09	0.194003	0.0387525	0.00438687	0.212726	0.00966708	0.210795	0.0188453	0.0228204	0.00662124	0.00736783	0.00144627	0.0471724	0.0284333	0.0698358	0.0154023	0.0574439	
0.128387	0.0170087	0.00295009	0.000610955	0.30444	0.122971	0.000210913	0.0545659	0.000838009	0.0527949	0.0177209	8.5663e-05	0.0682749	0.00255395	4.48716e-05	0.177696	0.0193543	0.00737588	0.0155858	0.00652995	
0.0807521	0.0556788	0.00142321	0.0199161	0.155437	0.0168716	0.0254707	0.103942	3.14248e-05	0.25253	0.0238197	0.000884171	0.0243982	0.00725439	0.00267066	0.0577868	0.0103541	0.150418	0.0055993	0.00476251	
0.092476	0.0183008	0.051746	0.00421361	0.119852	0.0164557	0.0525407	0.0215287	0.0146786	0.112001	0.00728443	0.0070366	0.0716483	0.114795	6.11574e-06	0.102078	0.016206	0.0495219	0.0249981	0.102633	
0.00775651	0.00419711	0.00174382	0.000124437	0.227436	0.0700519	0.0833877	0.0284713	0.00409005	0.0615115	0.0114528	0.0384548	0.001228	0.00350825	4.99289e-05	0.124227	0.109187	0.0550762	0.0438502	0.124196	
0.0799404	0.00482767	0.000304466	1.02547e-06	0.0655209	0.0141014	0.0114021	0.0169425	0.00370987	0.191506	0.0518279	0.0323114	0.0236504	0.0332597	0.000266785	0.140102	0.0480959	0.15921	0.0579604	0.0650599	
0.0233613	0.00430032	0.0446351	3.52079e-06	0.0862541	0.0534925	0.0852995	0.00472767	0.00138734	0.210124	0.1432	0.0755767	0.0294091	0.0652255	0.0010648	0.0260493	0.11996	0.0147891	0.000379356	0.0107607	
0.0453967	0.0299658	0.00489441	0.046036	0.143739	0.139827	0.00412889	0.171257	0.0491141	0.0300989	0.0257039	0.00548953	0.00161664	0.00698243	0.00120265	0.215259	0.024161	0.0247987	0.0191702	0.0111585	
0.012438	0.0338826	0.0664252	6.94488e-05	0.159753	0.09647	0.00655235	0.138488	0.0317279	0.210364	0.0217854	0.000193703	0.015786	0.0137713	0.0763937	0.0312634	0.00378522	0.0503728	0.000717901	0.0297599	
0.0603238	3.19904e-06	0.000819177	0.0438339	0.27174	0.018077	0.0429581	0.121799	0.000207983	0.0766102	0.00715733	0.000480408	0.100051	0.0239531	0.00239377	0.104639	0.0178408	0.0412082	0.0218792	0.0440242	
0.0355438	0.000153445	0.00125072	0.00376268	0.120301	0.105617	0.0575967	0.0842928	0.00814175	0.0178998	0.0322863	0.0485581	0.1637	0.0114361	0.017443	0.00245147	0.00220127	0.0783208	0.026583	0.18246	
0.0458841	0.00200137	0.00112339	0.00390042	0.176656	0.121251	0.00163457	0.0727791	0.0119021	0.0983494	0.0782705	0.0733589	0.0769634	0.00998425	0.00538863	0.143569	0.00707733	0.0150862	0.00251745	0.0523025	
0.0300251	0.0157157	0.0228061	0.003543	0.190835	0.0639916	0.0146229	0.0197054	0.0146029	0.119312	0.0163764	0.0216953	0.0175948	0.0195815	0.0132522	0.112707	0.110648	0.074696	0.0194673	0.0988227	
0.000741636	0.104604	0.00112174	0.000181848	0.123538	0.0113189	0.00156125	0.269217	0.0224441	0.050864	0.12492	0.00336882	0.0159008	0.0419664	0.031318	0.101291	0.028592	0.0431943	0.000245961	0.0236106	
0.0292495	7.98151e-05	0.00186398	7.68266e-09	0.194258	0.0530808	0.0251491	0.102181	0.00743906	0.0577422	0.0483143	0.0290248	0.0134216	0.00867578	0.0603459	0.190307	0.049135	0.0057855	0.00580613	0.118141	
0.0887256	0.00193076	0.0400745	0.00432988	0.10246	0.0172263	0.013636	0.138751	0.00462129	0.138429	0.0325393	0.013639	0.0254824	0.000924711	0.00666968	0.229216	0.00580496	0.0874687	0.0176826	0.0303891	
0.00707282	0.0617207	0.0449896	0.0203562	0.158197	0.110484	0.00811284	0.12664	0.0292477	0.061647	0.0665656	0.00694232	0.0222862	0.0407315	0.00214942	0.0343735	0.106227	0.0168343	0.0425008	0.0329208	
0.178403	0.00596546	0.0285635	0.0207707	0.152054	0.137713	0.0677985	0.0382831	0.00907829	0.0606343	0.00105744	0.0277654	0.0232369	0.0124051	0.000146971	0.0110334	0.114137	0.000177994	0.0194254	0.0913505	
0.0479986	0.00659288	0.0202468	0.000314734	0.175283	0.160767	0.0971218	0.0108225	0.0266351	0.0230227	0.012983	0.0264854	0.100925	0.0503001	0.0135883	0.0965855	0.0997508	0.0116287	0.00137075	0.0175778	
0.0779653	0.034081	0.00446803	0.0019777	0.0979522	0.0737552	0.0629538	0.0809929	0.0156091	0.155398	0.0308567	0.145486	0.0440576	0.0114125	0.0380209	0.0531073	0.00141947	0.0480736	0.00468982	0.017723	
0.0171034	0.0598241	0.0155884	0.00705052	0.182041	0.0295962	0.0433748	0.042505	0.000513215	0.163539	0.0848751	0.0478766	0.126809	0.0522237	0.0220621	0.016518	0.012404	0.014367	0.0155484	0.0461801	
0.0135358	0.00461419	0.094724	6.7133e-10	0.260016	0.127613	0.142918	0.0469997	0.000369805	0.0823173	0.0669029	0.0309107	0.0233348	0.0346027	0.00183992	0.0301284	0.00526311	0.00966237	0.00230066	0.0219472	
0.0698554	0.0945963	0.0467903	0.00079916	0.0861426	0.133592	0.04544	0.0051255	0.0124208	0.0892795	0.0502588	0.0493562	0.133514	0.033626	0.00316497	0.0749349	0.0143607	0.00616841	0.029531	0.0210429	
0.0887245	1.08897e-06	0.00589105	1.41431e-06	0.129909	0.0510656	0.0840737	0.161804	0.0055101	0.0660453	0.00366448	0.0124439	0.0414806	0.0480203	0.000360761	0.192487	0.00371571	0.0227851	0.0522296	0.0297873	
0.239599	0.0302569	8.46212e-07	0.000619219	0.196947	0.0151226	0.0309104	0.0599333	0.0056077	0.208997	0.00900965	0.000531169	0.0702478	0.00520384	0.00933199	0.0421475	0.035419	0.011435	0.0144439	0.0142364	
0.00532315	0.0242981	0.0449738	4.20542e-05	0.206853	0.0220176	0.0296695	0.0388855	0.0172501	0.143727	0.130528	0.0366816	0.059433	0.00451932	9.03462e-05	0.155077	0.0337571	0.0051139	0.0398504	0.00191026	
0.0255453	0.00261262	0.0177664	0.0331425	0.126893	0.0659518	0.0500826	0.121815	0.00853981	0.0911906	0.0768034	0.0326254	0.0366244	0.00299878	0.0061656	0.104032	0.00415366	0.0699699	0.113926	0.00916106	
0.123086	3.25582e-06	0.0123603	0.000262463	0.107173	0.0085776	0.0105985	0.137151	0.0467669	0.028714	0.0171819	0.0122925	0.2305	0.000173209	0.0364601	0.0592283	0.00212865	0.052251	0.0252034	0.0898887	
0.00836911	0.0191497	0.0579878	0.00300262	0.0967082	0.100516	0.00331836	0.0917426	0.00436224	0.163525	0.0814757	0.004485	0.0339227	0.122484	0.00269568	0.0616619	0.0147301	0.0208266	0.0212251	0.0878115	
0.0388759	0.0201003	0.00258245	0.0327203	0.188295	0.013719	0.218512	0.0710759	0.00194652	0.155258	0.0249037	0.0977823	0.00111371	0.00436291	0.00117216	0.056596	0.0161269	0.0153902	0.0189599	0.0205067	
0.0698373	3.65693e-07	2.19654e-05	0.000330827	0.29903	0.00708045	0.0803414	0.0124979	0.000547305	0.0164988	0.171196	0.0275122	0.0455783	0.0302574	0.0130348	0.00854529	0.0778597	0.0428258	0.0244319	0.0725725	
0.0233039	0.022802	0.00769736	0.0100401	0.175385	0.0307395	0.0175967	0.00788278	0.000224628	0.0617123	0.0946545	0.0167772	0.0528945	0.0579565	1.12971e-05	0.0523739	0.155734	0.0770369	0.0983853	0.0367913	
0.0955085	0.00184571	0.00796755	1.10917e-06	0.235732	0.0102397	0.0517415	0.114028	0.0449048	0.0581598	0.00549495	0.00285364	0.0710668	0.00914915	0.000303832	0.0357657	0.0680413	0.100367	0.000981995	0.0858466	
0.0220549	0.010438	0.0369932	0.000360706	0.169506	0.000324718	0.0647259	0.0795501	3.41511e-05	0.185612	0.0588133	0.0586643	0.0110187	0.147503	0.00020968	0.0233746	0.0449292	0.0025996	0.0666889	0.0165987	
0.0643319	0.00109452	0.00935035	3.26674e-07	0.0496802	0.0391342	0.024783	0.0399838	0.023258	0.16132	0.0956238	0.0407515	0.0339289	0.017826	0.0397755	0.202107	0.00480841	0.0106337	0.00370292	0.137906	
0.00858105	0.00198869	0.025749	0.0055212	0.170344	0.0141809	0.0093243	0.0995481	0.100932	0.0422005	0.00931274	0.00704186	0.014021	0.0995454	7.7391e-06	0.0522077	0.13833	0.00415878	0.173727	0.0232785	
0.049153	0.00327551	0.000204212	2.46303e-06	0.1075	0.0467718	0.0267172	0.0440231	0.000110842	0.236946	0.0104768	0.00388232	0.0476458	0.0551679	0.0227547	0.0776956	0.0722003	0.00864624	0.146772	0.0400534	
0.0995345	0.160116	0.0397468	0.00319202	0.0414394	0.103381	0.0347443	0.0214943	0.00461682	0.122678	0.00067316	0.0275079	0.0227219	0.00280726	3.17849e-06	0.226626	0.0033687	0.0697107	0.000363614	0.0152746	
0.0359048	0.000185414	0.048522	0.0243397	0.0754285	0.303816	0.0354149	0.0370559	0.0194782	0.0516273	0.00409687	0.00478444	0.00776331	0.0299306	0.00192323	0.0928777	0.00150737	0.10476	0.00228324	0.1183	
0.0298183	0.00933223	0.0116951	1.73703e-06	0.0925631	0.122854	0.041715	0.0395634	0.00331525	0.207635	0.0161501	0.0300865	0.0461909	0.111487	0.0209538	0.0445888	0.0443904	0.053697	0.00852709	0.0654349	
0.0702947	0.0341993	0.0162168	0.00921312	0.0667909	0.0273603	0.0190031	0.0991834	0.0105382	0.130925	0.227421	0.0174945	0.0934546	0.00119696	0.0528124	0.0678916	0.0035233	0.019009	0.0253823	0.0080891	
0.0591038	0.0107092	5.65804e-06	3.57811e-05	0.141726	0.0157653	0.0518676	0.0457715	0.038353	0.117533	0.0962363	0.067366	0.0614874	0.0686322	0.0295414	0.0979207	0.0043592	0.0449084	0.0359701	0.0127079	
0.05537	0.0103638	0.101851	2.62725e-07	0.0907433	0.0227196	0.0492711	0.0220891	0.0780088	0.0875282	0.18603	0.0103812	0.127544	0.0327223	0.00633062	0.0507468	0.0444593	0.00533435	0.00943814	0.00906856	
0.0311651	8.76736e-09	0.00939692	0.00384797	0.131245	0.0344644	0.0592455	0.0590546	5.85439e-07	0.145928	0.0378546	0.0206937	0.0909644	0.0552881	0.175663	0.00754355	0.104039	0.0162471	0.00632474	0.0110344	
0.0375836	0.000122045	0.00104108	0.000623623	0.108048	0.11263	0.0409066	0.172181	0.0103599	0.199115	0.0269901	0.00301839	0.107065	0.0092172	0.00068917	0.0476718	0.00528969	0.080687	0.0118146	0.0249466	
0.00769196	0.000134751	0.0666206	2.82655e-05	0.0817277	0.102195	0.0594282	0.0938828	0.0174626	0.101352	0.135	0.0068089	0.0711289	0.0109083	0.00726528	0.0866041	0.0206234	0.0430127	0.0404278	0.0476964	
0.0380093	0.0149435	0.0033985	2.62723e-06	0.236884	0.0745969	0.0407472	0.106106	0.00087946	0.0551491	0.233803	0.000206383	0.0110961	0.00829316	0.00772236	0.0832389	0.0232682	0.00348364	0.0278657	0.0303061	
0.0222788	0.000975467	0.00374839	0.016805	0.128731	0.0883115	0.119165	0.0397441	0.000425295	0.103887	0.00866139	0.0105677	0.134932	0.0636485	0.00148676	0.0556519	0.0669516	0.0722072	0.0218185	0.0400027	
0.00557626	4.43073e-07	0.000510698	0.0209839	0.0230991	0.183312	0.0905276	0.0774304	0.00340142	0.0278933	0.110898	0.0190164	0.0608418	0.0918809	0.00031393	0.0483984	0.00390542	0.125113	0.0728152	0.0340814	
0.0914578	0.0122457	0.0704083	4.37914e-05	0.210341	0.0678461	0.077812	0.00959293	0.0947887	0.0591719	0.0606935	0.00369952	0.0247955	0.029996	1.47433e-05	0.0121016	0.0125834	0.0331262	0.0261484	0.103132	
0.116168	0.0595833	0.0197524	0.000532249	0.0562733	0.000467453	0.0603821	0.0458932	0.00682816	0.0872776	0.103941	0.0469791	0.0285788	0.0340675	0.000104706	0.151066	0.0206434	0.00585143	0.00814988	0.14746	
0.0135641	0.000120171	0.0155699	1.39505e-05	0.115437	0.0729778	0.000509491	0.139515	0.00335141	0.156257	0.00787276	1.70391e-05	0.0880223	0.0103982	0.00185236	0.267707	0.0148401	0.0170631	0.0196967	0.0552152	
0.0161523	0.022338	0.0314496	0.000849226	0.097648	0.0198493	0.0592957	0.0323796	0.0310546	0.0783238	0.0395679	0.026334	0.181546	0.0301637	0.000204227	0.078323	0.0403122	0.162273	0.0289952	0.02294	
0.0340364	0.0321907	0.0145726	0.00623769	0.236857	0.00405437	0.0486766	0.0388421	0.000679319	0.0772698	0.00134268	0.000614844	0.0822805	0.011133	3.51509e-05	0.167094	0.0133294	0.116638	0.0337323	0.0803831	
0.00425978	0.0507876	0.00614707	0.0641673	0.139024	0.104459	0.0111782	0.0839252	0.0342614	0.100334	0.048436	0.00853368	0.00502249	0.162435	0.00299376	0.0258277	0.0995706	0.029925	0.00652331	0.0121893	
0.0532158	0.0738687	0.00677554	0.00945558	0.147364	0.0101187	0.0420632	0.158147	0.0013867	0.0345508	0.0397284	0.00223392	0.0142561	0.0273382	0.0199315	0.191299	0.000587864	0.0597259	0.0664713	0.0414826	
0.107566	0.00699433	0.0707462	1.84591e-08	0.115874	0.0993215	0.0179356	0.0984225	0.0120611	0.0736624	0.0411629	0.000318867	0.0415265	0.00389994	0.00196273	0.0249779	0.172699	0.0939468	0.00160288	0.0153183	
0.00660374	0.0010042	0.0300818	0.0232861	0.0857225	0.0832165	0.051107	0.040224	0.0369403	0.145722	0.123112	0.0031353	0.0446288	0.0599872	0.00367223	0.0707078	0.0792497	0.010607	0.00369335	0.0972977	
0.0188524	0.0135597	0.0118996	7.386e-21	0.125161	0.0156551	0.0561782	0.105594	1.41611e-05	0.0859443	0.0513366	0.00143158	0.0658313	0.00247299	0.000770186	0.171539	0.0162836	0.0347649	0.102479	0.120232	
0.0303438	0.00876784	0.0349051	0.00177843	0.328857	0.00220087	0.00495986	0.0698102	0.014771	0.0982362	0.0575833	0.0343134	0.0300696	0.049575	0.00860946	0.0164178	0.038957	0.0425458	0.125549	0.00174957	
0.046091	0.0453257	0.00292032	1.33655e-05	0.145088	0.0439104	0.00316806	0.13958	0.0288889	0.044418	0.115364	0.0224811	0.0140411	0.042823	0.000357379	0.0533354	0.000191132	0.0166909	0.0834971	0.151815	
0.0115148	0.0252344	0.00845594	0.00379586	0.243422	0.0540436	0.0163905	0.0365065	0.0280616	0.130927	0.0033851	0.00124639	0.103121	0.0704909	0.00778439	0.113594	0.0131503	0.00684113	0.0782115	0.0438235	
0.0139706	0.00370873	0.0107263	0.0201029	0.161936	0.190545	0.0627339	0.166229	6.95843e-06	0.0498056	0.0906041	0.000513375	0.00123253	0.0121673	0.00145336	0.0950985	0.0401973	0.0239189	0.0070282	0.0480227	
0.15774	0.00406313	0.00489596	0.000501289	0.0700608	0.207851	0.0160401	0.118662	0.00940204	0.139624	0.0951642	0.00067032	0.0129157	0.000432152	0.00227786	0.0379303	0.0616183	0.0208382	0.00953534	0.0297768	
0.0454184	0.0029743	0.0872779	0.00040978	0.128162	0.0258702	0.0380553	0.0311119	5.16258e-05	0.134779	0.0610128	0.0302289	0.0675114	0.0187065	1.03959e-05	0.141912	0.0292825	0.114965	0.000891758	0.0413689	
0.0691195	0.0127885	0.0209131	1.04642e-05	0.0863588	0.0484727	0.0128483	0.0266644	0.01197	0.0528535	0.107388	0.00687212	0.0973648	0.0320228	0.000545381	0.0853775	0.149478	0.0065945	0.0784385	0.0939198	
0.045199	0.00152611	0.0389439	0.0106943	0.0653396	0.126041	0.0251513	0.280185	0.0301705	0.102385	0.033685	0.085972	0.0082378	0.0187376	0.0367345	0.0265165	0.00500428	0.0248715	0.0170155	0.0175906	
0.00287914	0.0209606	0.00199704	0.00251379	0.0859855	0.0947487	0.00220969	0.0132901	0.0113157	0.128001	0.148407	0.0335013	0.0204423	0.0177561	0.000403785	0.212236	0.12952	0.0387533	0.0250357	0.010044	
0.063691	0.00546998	0.010712	1.87988e-06	0.303927	0.0155224	0.0575435	0.0383034	0.0127292	0.129779	0.00627207	0.0181231	0.0672972	0.0145089	0.00462736	0.104404	0.0250263	0.0769642	0.0183897	0.0267076	
0.041725	0.0136251	0.000239139	0.00397426	0.186077	0.137372	0.130065	0.0203554	0.000607587	0.128601	0.101229	0.00658652	0.000436567	6.3692e-05	1.71616e-08	0.0931387	0.00857224	0.0530028	0.0599276	0.0144012	
0.109789	0.00536428	8.41586e-06	0.000186072	0.177831	0.0124898	0.144374	0.0223532	0.00328259	0.0938641	0.049389	0.0560789	0.0245127	0.176666	2.07968e-05	0.0120262	0.020102	0.0212463	0.0168607	0.0535546	
0.0537205	0.0117442	0.00480167	0.0650783	0.0992266	0.00311048	0.159035	0.120145	0.000164996	0.136419	0.0614118	0.0414081	0.0163881	0.00481269	5.01698e-10	0.0683538	0.00109905	0.0123531	0.0332853	0.107443	
0.0364253	0.0195662	0.00510391	1.04494e-08	0.0942486	0.0343344	0.0287272	0.0652301	0.00910049	0.22267	0.10498	0.0370764	0.000728862	0.0067329	1.76929e-07	0.122535	0.0602917	0.00813769	0.0615126	0.0825985	
0.159782	0.0148032	0.00641822	0.00356422	0.145661	0.024037	0.00227025	0.0274331	0.00164348	0.0937044	0.113404	0.0073403	0.0348693	0.0603245	1.04839e-06	0.0129979	0.074282	0.0301283	0.0826468	0.104689	
0.00591934	0.00469308	0.00406171	0.0052838	0.148011	0.168878	0.0338855	0.0109485	0.00491057	0.0253188	0.0845215	0.177845	0.046133	0.0529502	5.00308e-05	0.0153536	0.0584053	0.037509	0.0173803	0.0979419	
0.0315278	0.0440167	0.0555016	2.4074e-06	0.118493	0.0379632	0.0358581	0.0335386	0.013291	0.204802	0.0104379	0.000247296	0.0375326	0.0708624	0.00565651	0.147381	0.0469207	0.0926503	0.000575102	0.0127414	
0.041525	0.000481903	0.000264478	0.000116786	0.235443	0.0704989	0.0134198	0.0553839	0.000558008	0.0887065	0.0163197	0.0166446	0.0508157	0.0891024	0.00760998	0.0773258	0.0411963	0.0108953	0.0969614	0.0867307	
0.0181123	9.80924e-06	0.00164082	0.000484713	0.101095	0.118782	0.0124969	0.0379731	0.030879	0.0795122	0.0123473	0.0336376	0.0259077	0.0328401	0.00571427	0.240188	0.152928	0.0379074	0.0107621	0.046782	
0.026906	0.00399599	0.0126849	0.00270589	0.187134	0.0650312	0.0366762	0.0433814	0.0126808	0.0964843	0.0146368	0.0558375	0.0140718	0.0136481	0.00887731	0.131557	0.00837205	0.0492144	0.0219774	0.194127	
0.00314517	0.000192069	0.0666175	2.37947e-06	0.132067	0.0380491	0.0180957	0.0369761	0.0522651	0.0654472	0.0980111	0.000473076	0.00666271	0.0310599	0.0130005	0.0185616	0.0842482	0.0399974	0.181972	0.113157	
0.149682	0.00955437	0.0663893	0.000405129	0.0604824	0.0179727	0.0136228	0.108233	0.000350658	0.0547347	0.0820194	0.0721551	0.079862	0.0126504	0.0440007	0.0388579	0.0684522	0.0293718	0.0236278	0.067576	
0.0906988	0.0122353	0.0482586	0.0471957	0.127043	0.0508067	0.0214515	0.0618252	0.0955339	0.0635893	0.101441	0.00211633	0.00304563	0.037235	0.00390599	0.0543639	0.027999	0.0403186	0.0035488	0.107388	
0.0473013	0.0208993	0.00279226	1.10281e-05	0.342056	0.0415447	0.116215	0.00419166	0.000211179	0.0973373	0.0859956	0.00703457	0.0358326	0.0129238	0.00511158	0.06947	0.01148	0.0369665	0.0434344	0.0191916	
0.0656698	0.0444529	0.0183205	0.0207065	0.150349	0.104221	0.127623	0.0796957	0.00182951	0.10434	0.0170967	0.00751992	0.0439057	0.00575115	0.00361121	0.0839544	0.00236356	0.0325638	0.00156229	0.0844636	
0.0261546	0.000108385	0.0122281	0.0350732	0.184873	0.0742138	0.0787296	0.0952178	0.000276179	0.135105	0.0357203	0.0349134	0.0131621	0.0376035	2.19152e-05	0.114647	0.0466319	0.0409919	0.00677809	0.0275499	
0.0242903	0.000515058	0.020077	0.0010062	0.195943	0.169056	0.015938	0.0776915	0.00478478	0.0266835	0.0199244	0.0482878	0.0639284	0.0639823	0.000260566	0.0527644	0.0126575	0.0447077	0.0721996	0.0853017	
0.0369237	0.0652444	0.0222415	0.0279931	0.0801941	0.0236565	0.0403503	0.0748595	0.0220409	0.0844315	0.0275464	0.021073	0.137774	0.0742649	0.0287063	0.0467024	0.00271513	0.0704916	0.00234938	0.110441	
0.00879815	3.92367e-05	0.000122902	0.00547187	0.0779332	0.177513	0.0162353	0.019456	0.0136627	0.00464854	0.0198297	0.000207245	0.018701	0.0773664	0.00855217	0.13879	0.0893233	0.0473654	0.036829	0.239155	
0.034635	0.010654	0.000153408	0.000388449	0.25129	0.0118161	0.00283497	0.0400427	0.00279063	0.194674	0.0636304	0.00582071	0.0346069	0.0250787	0.000472866	0.144489	0.0282396	0.0516054	0.0123429	0.0844339	
0.146144	0.0108228	0.00733518	0.00160649	0.189035	0.00226588	0.0806721	0.105443	0.000214202	0.0216927	0.0257942	0.0195356	0.00972337	0.123344	0.0508963	0.113508	0.0157725	0.0304723	1.96688e-05	0.0457032	
0.139341	0.000950269	0.114018	0.0190435	0.0896018	0.0181113	0.0539377	0.0537162	0.0033968	0.129626	0.0189762	0.0020555	0.0332883	0.00716803	0.000239035	0.0428674	0.0825921	0.00162989	0.0481082	0.141332	
0.146961	9.60747e-06	0.091003	1.03503e-05	0.195612	0.0346776	0.220898	0.0174242	0.00117993	0.0770107	0.0354236	0.0426733	0.012407	0.0212101	0.00871247	0.0498548	0.00193567	0.028016	0.00800047	0.00698045	
0.0796599	0.00030773	0.0151082	0.0130409	0.166173	0.0289041	0.0130298	0.03632	0.0820351	0.0590625	0.00420724	0.00971364	0.0723015	0.015871	0.00171646	0.238514	0.0401598	0.0218696	0.00404234	0.0979635	
0.0613428	0.0144836	0.00328218	0.0071133	0.140339	0.00187998	0.001369	0.0132617	0.023929	0.0872588	0.280301	0.00988221	0.000908349	0.0232249	0.0795981	0.020774	0.0111115	0.0696033	0.0136966	0.136641	
0.03608	0.0105499	0.0228102	0.00209405	0.134505	0.0862204	0.00785771	0.0283859	0.0339202	0.0907592	0.0995025	0.00714509	0.0244971	0.0112634	0.0104745	0.039733	0.0151111	0.143144	0.0725509	0.123396	
0.0429111	0.0241792	0.122224	1.52939e-05	0.122337	0.00606766	0.0177652	0.0602582	0.00600203	0.0654855	0.0484712	0.050555	0.0178044	0.064539	0.0168387	0.123791	0.0781008	0.00943719	0.0545656	0.0686515	
0.103211	0.000306043	0.000788925	0.0269873	0.246633	0.0779198	0.0038691	0.0418992	1.22974e-05	0.166015	0.0437861	0.042383	0.166144	0.0140695	1.42884e-06	0.0251268	0.0116453	0.00493951	0.00296019	0.0213021	
0.125535	0.0122792	0.000240191	0.000495472	0.0930755	0.113435	0.0372997	0.0954666	2.14317e-05	0.0329953	0.00789541	0.00968811	0.0449192	0.031883	0.0707097	0.137204	0.0973372	0.0412597	0.0156167	0.0326436	
0.100354	0.00419129	0.00440309	0.00277644	0.260852	0.0224305	0.00885185	0.0823539	7.38926e-08	0.0583461	0.0561108	0.156674	0.042405	0.0511357	0.000241591	0.0738684	0.0274115	0.00672516	0.00112746	0.0397401	
0.159851	0.0315327	0.0371601	0.00612324	0.263969	0.13478	0.031711	0.000509816	0.0207139	0.0459768	0.0503588	0.0101728	0.0204136	0.0434053	0.020487	0.0461256	0.00514127	0.0146735	0.00937153	0.0475238	
0.0316329	0.009308	0.0556366	0.00101173	0.1914	0.0275773	0.0540006	0.058469	0.061028	0.109991	0.0586793	8.30403e-05	0.114762	0.00486986	0.00407874	0.139616	0.013177	0.0112434	0.038438	0.014997	
0.040754	1.26463e-07	0.0632376	0.0020217	0.0797653	0.00321315	0.248551	0.0348276	0.02779	0.115915	0.0528602	0.0726841	0.143968	0.0208276	0.000403457	0.0293993	0.00816489	0.038933	0.00480962	0.0118749	
0.055664	0.0228921	0.00522815	0.000108237	0.127403	0.0491775	0.0550826	0.0602206	0.0359779	0.208016	0.0129535	0.0803017	0.00744603	0.0122433	5.77652e-05	0.0614101	0.0232321	0.00669748	0.000295745	0.175592	
0.0154196	0.000558585	0.00530218	3.07812e-08	0.163739	0.0116843	0.00978803	0.207961	0.00227848	0.193457	0.025607	0.0513603	0.0189321	0.0535618	0.000716905	0.0993451	0.0210466	0.00321242	0.0832098	0.0328195	
0.0749598	0.00918323	0.00088103	3.85138e-06	0.154436	0.0707286	0.0754377	0.0427378	0.00391894	0.0694237	0.18977	0.0129791	0.0755471	6.6062e-05	6.13386e-05	0.160008	0.0049215	0.010252	0.00371576	0.0409687	
0.0415161	0.00732905	0.006625	4.5912e-07	0.140698	0.0381101	0.0257687	0.0768257	0.0851063	0.025085	0.129741	0.0137502	0.0395061	0.0277928	0.0418448	0.174891	0.013062	0.0448862	0.0157673	0.0516937	
0.0682374	0.00854095	0.00106732	0.000397974	0.25749	0.00742859	0.105884	0.0937364	0.0213267	0.0573837	0.00231589	0.0282555	0.00770484	0.190777	2.21727e-05	0.0694546	0.00954156	0.0345275	0.00375218	0.0321564	
0.0354627	0.111987	0.016128	0.00917755	0.109259	0.0222186	0.0155778	0.00663422	0.00114024	0.18683	0.0582408	0.000500516	0.148676	0.0476601	3.58451e-05	0.0416953	0.00671675	0.0529088	0.00678099	0.122369	
0.171781	0.000659104	0.0260789	0.000828938	0.0227607	0.00472098	0.0141232	0.0675243	0.00280288	0.234877	0.0575616	0.0495055	0.0567899	0.0151924	0.00637074	0.124728	0.00705381	0.0721259	0.0188158	0.045699	
0.0150984	0.00011943	0.0417505	6.70646e-05	0.077323	0.04816	0.0372301	0.207464	0.00603173	0.0251425	0.0838149	0.00700597	0.0220091	0.089858	0.086031	0.0494251	0.000421794	0.0442267	0.00514042	0.15368	
0.00184193	0.010696	0.000396168	0.0157487	0.213952	0.210076	0.00648789	0.043224	0.0708236	0.0998982	0.0161571	0.0261075	0.0198698	0.00695767	0.0345453	0.100149	0.018529	0.00816532	0.0759124	0.0204628	
0.00629634	1.41089e-07	0.00169867	0.000122961	0.343312	0.0324928	0.00449605	0.135884	0.0152448	0.120949	0.0207544	0.00404297	0.0171709	0.0520983	0.00646133	0.0623524	0.102578	0.0495593	0.0148988	0.00958717	
0.078186	0.000156739	0.00328076	1.35501e-10	0.268255	0.0642444	0.132734	0.0087953	0.0123048	0.0335223	0.175523	0.0178917	0.00282242	0.00942791	0.00274117	0.0672854	5.27702e-05	0.034897	0.00859387	0.0792847	
0.0821116	0.0128381	0.0398191	0.000330146	0.224982	0.00624173	0.0798622	0.0384508	0.00886106	0.0363813	0.150571	0.02201	0.0592	0.00579664	0.00710835	0.0135677	0.101763	0.0105772	0.00596051	0.0935678	
0.0840963	3.77647e-05	0.00017633	0.017789	0.142504	0.010062	0.0208829	0.0937875	0.104605	0.0751275	0.105693	0.0105098	0.192738	0.0103764	0.000199845	0.0203487	0.0349256	0.0531972	0.0039423	0.0190012	
0.0033606	0.0191004	0.000117585	1.13697e-10	0.251635	0.0174333	0.0613868	0.0505515	0.000246909	0.0807432	0.0414753	0.075703	0.00555286	0.045164	0.147886	0.0710677	0.0154438	0.0902275	0.0119096	0.010995	
0.0110147	0.0629262	0.0152185	9.97714e-05	0.0384168	0.0338138	0.115406	0.219572	0.012482	0.0593813	0.0253612	0.0254162	0.0229402	0.105845	0.000101377	0.0796682	0.102564	0.0337173	0.00681569	0.0292395	
0.0726299	0.0198972	0.0116203	0.000827675	0.365691	0.0865141	0.0407555	0.00274433	1.36212e-05	0.163372	0.0171535	0.000469665	0.00834023	0.0590847	0.0169594	0.02583	0.020195	0.0563875	0.0141666	0.0173479	
0.0852766	1.5473e-10	0.00312344	0.0130861	0.199851	0.0383068	0.0194085	0.00121413	0.00474126	0.179764	0.132846	0.0134938	0.0840776	0.00842811	1.96149e-11	0.00669608	0.101161	0.0317931	6.21511e-05	0.0766713	
0.0142613	0.032243	0.00964903	0.000850784	0.0916958	0.0467192	0.0391714	0.077872	0.000155234	0.0714302	0.00740622	0.105904	0.111346	0.0102625	0.0110737	0.0598233	0.018684	0.181215	0.00194742	0.10829	
0.0562066	0.00323305	0.00164324	2.47694e-06	0.164646	0.100739	0.075226	0.0688718	0.00230003	0.0415129	0.0125813	0.0219186	0.0143013	0.0587337	0.025906	0.0709164	0.103269	0.00932262	0.0555241	0.113146	
0.00771487	0.022778	0.0658762	1.12145e-09	0.106011	0.105605	0.149197	0.0120325	0.0055222	0.0585757	0.0814393	0.0305841	0.00905457	0.0547231	0.000808813	0.0755377	0.0704477	0.0130156	0.0163785	0.114698	
0.00945402	8.81225e-07	0.0209494	0.00155977	0.0944311	0.1245	0.0215757	0.0202586	0.000202697	0.0352418	0.120532	0.191676	0.167898	0.00948604	9.42346e-05	0.0917783	0.0323356	0.0424568	0.00918452	0.00638359	
0.00629947	0.0580955	0.00720138	9.46401e-05	0.134226	0.107017	0.0935744	0.000776309	3.52295e-05	0.232852	0.00198695	0.0140355	0.0929345	0.0577977	5.61751e-05	0.131521	0.000622282	0.00158467	0.0061942	0.0530952	
0.0280731	0.0101683	0.000800808	0.0517302	0.207417	0.115439	0.0622553	0.0285075	0.000244093	0.0713586	0.0136757	0.0171566	0.00839692	0.0133868	6.18495e-09	0.0353448	0.292145	0.00401884	0.0340182	0.0058634	
0.0967312	0.00753287	0.0422839	0.000843413	0.0853617	0.0839939	0.129562	0.0314249	0.00257846	0.00880689	0.195773	0.00213144	0.0957706	0.0146042	0.0115595	0.132836	0.0201973	0.00985204	0.0163116	0.0118443	
0.0293011	0.0176432	0.00465831	4.23256e-05	0.151139	0.0833497	0.120824	0.0857221	0.00596813	0.106225	0.0949962	0.049592	0.0409113	0.0441973	4.17796e-08	0.0868666	0.0417916	2.96152e-05	0.0014534	0.0352888	
0.0187478	0.00261463	0.022892	0.00947897	0.0412714	0.038616	0.0100183	0.044599	0.0176889	0.135019	0.0683763	0.008993	0.044058	0.00612576	0.00185715	0.0593945	0.272524	0.00133734	0.182709	0.0136782	
0.0418671	0.0601554	0.000796526	0.000180177	0.0918078	0.0361434	0.0152241	0.108135	0.000217297	0.0559212	0.0343314	0.0745449	0.134973	0.0974464	1.5118e-06	0.0103522	0.0565432	0.129136	0.0342953	0.0179283	
0.0913399	0.00555991	0.000203716	1.96029e-07	0.161374	0.0173646	0.0260852	0.0928596	0.00357753	0.198458	0.0710626	0.0137445	0.0739049	0.0523734	1.14128e-10	0.0979676	0.0171056	0.0346696	0.00182871	0.0405213	
0.0638788	1.61192e-07	0.0332965	0.0022185	0.186935	0.136163	0.0337596	0.089942	0.0055015	0.229667	0.0169217	0.00730909	0.0899445	0.0195573	0.000154727	0.0383099	0.00749835	0.00515885	0.000879785	0.0329036	
0.0192253	0.00122616	0.00853541	0.00076331	0.130744	0.0518996	0.0248251	0.0560823	0.00187049	0.132154	0.0447217	0.19142	0.0295076	0.0596304	2.15788e-05	0.0599293	0.0387519	0.0585963	0.0473959	0.0427	
0.0227279	0.0389009	0.0165378	1.17444e-05	0.151549	0.159817	0.0470159	0.0310899	5.78326e-07	0.160331	0.0358251	0.0464953	0.0200536	0.0702774	1.04119e-05	0.109118	0.00470917	0.0248311	0.0346462	0.0260525	
0.0234985	0.000799806	0.00681848	2.73937e-05	0.154964	0.0640621	0.0208203	0.000886253	0.0286757	0.177998	0.169395	0.0101649	0.0311041	0.00909929	0.000138428	0.167155	0.0260972	0.010311	0.0295284	0.068456	
0.114051	0.000352916	0.00292496	9.71958e-05	0.187796	0.0432617	0.00732847	0.111406	0.0121991	0.110898	0.0428623	0.0144947	0.115456	0.0146872	0.00880963	0.135983	0.0038532	0.0112876	0.00702002	0.0552298	
0.0747658	0.0537287	0.00220984	0.021192	0.247318	0.0588124	0.0163953	0.0144279	0.0118785	0.128889	0.0353231	0.00271134	0.0712977	0.0283601	0.011783	0.120951	0.00746009	0.00559628	0.0508787	0.0360216	
0.0387054	0.000906458	0.0733662	0.000626631	0.354647	0.0323064	0.00271299	0.0550552	0.0432569	0.108232	0.00558232	0.021319	0.00226424	0.0096855	6.54436e-09	0.0220356	0.00092275	0.108454	0.0396627	0.0802578	
0.117334	0.0400477	6.81201e-05	0.00241547	0.204018	0.0282802	0.011468	0.0529216	0.0368709	0.161657	0.0161255	0.0163603	0.00417203	0.058036	0.0189736	0.0853132	0.0192695	0.0472627	0.00057998	0.0788259	
0.0303494	0.0117679	0.00927423	0.00473868	0.102557	0.051342	0.0188792	0.0796669	0.0185763	0.192124	0.00254394	0.0776656	0.0455019	0.0367776	0.000488904	0.197029	0.00539021	0.0150446	0.00611281	0.0941698	
0.0185973	0.000535046	0.0253305	0.000170281	0.105168	0.11066	0.0222393	0.140909	0.000861951	0.205279	0.00745763	0.0147347	0.000405135	0.000110167	0.00421577	0.234482	0.0360945	0.042928	0.00142739	0.0283943	
0.0816297	0.00080705	0.00571653	0.0843496	0.230902	0.0544604	0.0146206	0.0143529	0.0683125	0.0731874	0.0120202	0.00223857	0.0262924	0.0430737	4.54929e-08	0.0437386	0.0614463	0.0496627	0.0216922	0.111497	
0.0263981	0.00844229	0.0261473	1.69727e-05	0.0845087	0.0245558	0.065035	0.0745342	3.60443e-05	0.0339218	0.174632	0.0467746	0.023205	0.000849512	0.0182644	0.0961299	0.193552	0.0457588	0.0539466	0.00329131	
0.00205957	0.00419139	0.0027164	0.000696975	0.116168	0.00859144	0.00022849	0.0625995	0.0297195	0.0992293	0.0400148	0.115246	0.0572253	0.0516569	0.00760245	0.0852396	0.0489597	0.133751	0.00797435	0.126129	
0.029094	0.00628795	0.00472735	0.000406367	0.130952	0.0176018	0.0129912	0.162475	0.00157192	0.0438901	0.084499	0.144159	0.0245095	0.00628103	0.0627978	0.0860424	0.0251722	0.134026	0.00670898	0.0158062	
0.0307931	0.0726581	0.00163966	2.00806e-10	0.198023	0.00852301	0.00459199	0.0912252	0.0131384	0.132736	0.0927499	0.00441155	0.0245109	0.00874784	0.00869837	0.0648328	0.0584665	0.00177718	0.00413785	0.178338	
0.168406	0.00135963	0.00191426	2.89685e-06	0.136642	0.027752	0.0213461	0.120433	0.0443696	0.0968884	0.113646	0.000768236	0.0165195	0.0139084	0.00908302	0.0892223	0.0288706	0.0735883	0.0216268	0.0136535	
0.0729759	0.009747	0.0766348	1.7762e-09	0.105761	0.0520144	0.00499221	0.258121	0.0237913	0.0408583	0.070673	0.0388989	0.0415947	0.00321978	3.80899e-06	0.0157736	0.0745885	0.0441583	0.00194054	0.0642529	
0.00199601	0.0089295	0.0489018	0.00758819	0.0907814	0.0456246	0.000454294	0.16038	0.0191493	0.0874927	0.144903	0.0511597	0.0204618	0.00994981	0.0285821	0.0495384	0.0187724	0.0397445	0.00584093	0.15975	
0.0102577	0.00808244	0.0857331	2.03081e-06	0.125556	0.0836371	0.00745036	0.0888484	0.0159826	0.0876466	0.0263734	0.00374412	0.00991974	0.00129233	2.56152e-05	0.165733	0.17061	0.0592616	0.032973	0.016871	
0.0545059	0.0161923	0.0512971	6.54552e-05	0.0625757	0.0178832	0.0526823	0.024275	0.00912358	0.112445	0.0412271	0.0701839	0.137064	0.0916603	0.0221323	0.0820804	0.0292978	0.0576191	0.0171405	0.0505493	
0.0186229	0.131781	0.0110092	0.00454186	0.13161	0.0545695	0.0492455	0.179896	0.00759192	0.108757	0.0719976	0.00296199	0.0129659	0.0126957	0.00234513	0.114883	0.0110081	0.0365886	0.0129458	0.0239847	
0.0268123	0.00248309	0.000424589	0.00723022	0.312954	0.0557041	0.000856447	0.0343417	0.00337502	0.0907655	0.00515324	0.0837021	0.0510782	0.00210217	0.000979568	0.137367	0.0213612	0.112232	0.00255837	0.0485192	
0.0550924	5.84636e-07	0.000198281	0.000211978	0.135888	0.0294111	0.0910412	0.0627839	0.00721232	0.142913	0.0686343	0.0265452	0.0766503	0.0435289	6.25583e-05	0.13289	0.030683	0.0104204	0.0110757	0.0747577	
0.115705	0.0268181	0.00157045	0.0026272	0.0442558	0.126265	0.0508259	0.0127583	0.148068	0.0290248	0.0142053	0.0155573	0.0306022	0.00170945	0.0043365	0.0793909	0.00327907	0.0158379	0.0278905	0.249272	
0.000364401	0.0315753	5.07983e-05	2.97774e-05	0.0972721	0.0265022	0.00913851	0.032308	0.00423507	0.0998079	0.0859992	0.25584	0.0481922	0.00633311	0.00745773	0.156608	0.00260897	0.0244018	0.0853591	0.0259156	
0.0256375	0.000612824	0.00470723	0.000466504	0.174478	0.0664366	0.0242948	0.1134	0.00229738	0.13098	0.0177052	0.0394565	0.0199338	0.044135	3.49554e-22	0.0893657	0.0504927	0.067069	0.068121	0.0604113	
0.0457689	0.00138033	0.00203243	0.0302993	0.146571	0.115575	0.0215946	0.0561671	0.000385767	0.0412103	0.151648	0.00605052	0.0395778	0.0522601	1.66964e-06	0.0383582	0.0344401	0.0236899	0.0472076	0.145781	
0.0217232	0.000511678	0.0336899	3.31544e-05	0.176946	0.0891705	0.0581289	0.0404923	0.0097162	0.107823	0.0166043	0.00173808	0.0207905	0.0423876	1.09255e-05	0.0963444	0.000908175	0.148513	0.0810829	0.0533848	
0.0569328	0.000130524	0.00116793	0.013676	0.114297	0.124345	0.00906504	0.120958	0.00021713	0.224183	0.0169436	0.160311	0.00686677	0.0398637	3.60391e-05	0.0321553	0.0336364	0.0202691	0.0153783	0.00956768	
0.0689072	0.00369586	0.128585	0.0084444	0.0751582	0.0209143	0.0188364	0.013546	0.00887207	0.0814628	0.00895836	0.00243756	0.109849	0.0333275	0.00800794	0.180587	0.0749771	0.0243439	0.0436255	0.085464	
0.13584	0.00516814	0.00687072	0.0106161	0.247996	0.0521573	0.0548551	0.111256	0.00605994	0.0638481	0.000628562	0.0114698	0.00641636	0.0658597	0.019546	0.0336547	0.00286388	0.00575447	0.134789	0.0243491	
0.098821	0.000196997	0.00219373	0.0335249	0.0788403	0.0155814	0.00973685	0.283856	0.0238117	0.042976	0.179905	0.0129804	0.0228975	0.042696	0.00434618	0.0576164	0.00547509	0.0340652	0.0324907	0.017989	
0.0134007	0.00018517	0.00535967	0.00167764	0.306737	0.0223439	0.00446866	0.0458234	0.044453	0.0574719	0.0523576	0.0279619	0.00257027	0.139713	0.001076	0.193712	0.0445984	0.00388875	0.00960665	0.0225947	
0.0694611	0.0145484	0.00231105	0.00113034	0.147919	0.00893553	0.041006	0.0188475	0.000393533	0.0566157	0.14766	0.0791335	0.0017266	0.0130495	0.0431887	0.0109978	0.09225	0.114179	0.0257494	0.110897	
0.106395	0.00110464	0.0509513	0.038834	0.247797	0.00804093	0.030032	0.0458869	0.00210878	0.0413729	0.00391019	0.0198004	0.00505444	0.000586963	0.00481802	0.267554	0.00559537	0.0337865	0.0531906	0.0331803	
0.0606403	0.00023841	0.000595983	0.000119282	0.222877	0.0219738	0.0537822	0.138531	0.000291466	0.042938	0.00182397	0.00721918	0.0163083	0.0334818	0.0301187	0.0177853	0.0937588	0.125681	0.0141384	0.117698	
0.0044811	7.92138e-08	0.00921781	3.39354e-08	0.0924833	0.149146	0.0379889	0.121859	0.073961	0.0543885	0.0151449	0.020823	0.126972	0.0239166	0.0602167	0.0523643	0.0238483	0.0904997	0.000850055	0.0418387	
0.0305229	0.013359	0.000442795	0.00151872	0.155332	0.0586742	0.0230637	0.116149	0.00122006	0.0862754	0.00837302	0.00457138	0.12529	0.0960574	0.00323319	0.0167496	0.0266348	0.0715424	0.0990662	0.0619253	
0.00951098	0.00315886	9.77664e-07	6.85116e-07	0.126169	0.0804412	0.155247	0.0157814	0.000129567	0.0525078	0.0566044	0.0102209	0.104706	0.000211358	1.96568e-06	0.138286	0.0242489	0.0619716	0.11298	0.0478215	
0.0108741	0.0231128	0.00591707	0.0677524	0.299508	0.0310133	0.0403471	0.161822	0.0500687	0.0191601	0.062277	0.0391848	0.010019	0.0498534	0.00331913	0.000859313	0.0125307	0.0505277	0.0250887	0.0367646	
0.092352	4.99325e-05	0.00873587	0.000462465	0.0907335	0.0391525	0.0697931	0.0302973	0.0982196	0.0321923	0.0537672	0.0881848	0.0519305	3.51526e-06	3.93572e-05	0.0688061	0.0729655	0.0440019	0.106239	0.0520734	
0.0119428	0.00548222	0.00603638	0.00633221	0.15054	0.0959239	0.0259331	0.113672	0.000280832	0.00749199	0.0974931	0.0519692	0.0844436	0.00608847	0.000183051	0.0876491	0.0647047	0.0501699	0.0197476	0.113916	
0.00814921	0.0313598	0.0173072	1.07337e-05	0.369588	0.0234275	0.0170158	0.0388851	0.00200606	0.0575104	0.029906	0.000231199	0.00840933	5.92459e-05	0.0233292	0.130112	0.0392498	0.0726252	0.0385534	0.0922641	
0.1019	0.0583895	1.6933e-06	1.07196e-05	0.181811	0.145889	0.0382101	0.0163041	0.000812032	0.0888466	0.0535131	0.000234571	0.0309108	0.0973105	0.0173616	0.0187488	0.0326959	0.0800327	0.00590155	0.0311157	
0.00770273	0.00388853	0.000797078	0.00170868	0.13965	0.23206	0.0676734	0.0237401	1.09406e-06	0.106661	0.0554272	0.0580552	0.0146896	0.0631573	0.00284021	0.0681564	0.00284628	0.0147864	0.0290269	0.107132	
0.0359584	0.014066	0.00713079	0.000243254	0.142093	0.103237	0.00829378	0.0295675	1.10588e-08	0.202643	0.0752082	0.0400018	0.0678119	0.0238483	0.0015872	0.0327049	0.0480892	0.0458418	0.000104153	0.121569	
0.0295543	0.000835411	0.00311669	0.00187721	0.264646	0.00780661	0.164767	0.0761518	0.000233787	0.117075	0.0236433	0.0180487	0.0304968	0.0555835	0.0264685	0.0947649	0.00420514	0.00566106	0.0231203	0.0519441	
0.0304272	0.000260657	0.0121294	0.00194493	0.200961	0.0292854	0.0176099	0.0542885	0.0358546	0.142863	0.0763354	0.0409053	0.0159808	0.000374238	4.20286e-05	0.0462036	0.0436487	0.121789	0.000886276	0.12821	
0.00768106	1.20883e-05	7.53067e-05	0.0077126	0.110776	0.0921887	0.0882993	0.0698331	0.113195	0.075698	0.0387224	0.00163673	0.109451	0.0198553	0.00453906	0.143799	0.0224582	0.00997839	0.0269491	0.0571393	
0.0269855	0.0209614	3.83013e-05	0.00840229	0.165903	0.0667153	0.00141595	0.00814853	0.0155391	0.0361938	0.0266141	0.00475441	0.096428	0.0685128	0.000424192	0.175279	0.109464	0.0754183	0.0359472	0.0568551	
