CATGTRSBDP
1	-1	5132
1
1.8
0	0
0	0
../../../fasta_sequences/alignments/ctenos_all_proteins_noguidance/all_proteins_ctenos_monoallo_noguidance.phy
4
0
Universal

0
0
0
None
0
10	0
0
((((AF538053_CHOA_Mono_brev:0.27947735543303,NC001715_FUNG_Allo_macr:0.574178827421872):3.43677687885534,(LN898115_CTEN_Vall_mult:0.447544217841991,(LN898114_CTEN_Coel_yuli:0.0124411980238676,LN898113_CTEN_Coel_loya:0.0475799932334124):0.387186573754004):0.118174080059768):0.793076851174888,(NC016117_CTEN_Mnem_leid:0.308362731772837,JN392469_CTEN_Pleu_bach:0.567943221831922):0.0985084785046375):0.41281625773736,(MG655624_CTEN_Bero_fors:0.00177735631741924,MG655623_CTEN_Bero_fors:0.001115691422192):0.00231120692851039,MG655622_CTEN_Bero_fors:5.26478835890494e-05);
((((AF538053_CHOA_Mono_brev:0.27947735543303,NC001715_FUNG_Allo_macr:0.574178827421872):3.43677687885534,(LN898115_CTEN_Vall_mult:0.447544217841991,(LN898114_CTEN_Coel_yuli:0.0124411980238676,LN898113_CTEN_Coel_loya:0.0475799932334124):0.387186573754004):0.118174080059768):0.793076851174888,(NC016117_CTEN_Mnem_leid:0.308362731772837,JN392469_CTEN_Pleu_bach:0.567943221831922):0.0985084785046375):0.41281625773736,(MG655624_CTEN_Bero_fors:0.00177735631741924,MG655623_CTEN_Bero_fors:0.001115691422192):0.00231120692851039,MG655622_CTEN_Bero_fors:5.26478835890494e-05);
1
2.88431
0.914573
4234
7.9425
1.4304	0.680401	0.214923	0.178892	2.96134	1.13307	0.582444	1.08355	0.495918	2.00996	0.8044	0.246853	0.478792	0.392254	0.239865	2.09819	1.31307	1.56805	0.680774	0.868092	

6.86698	0.950554	0.746865	0.380918	4.74624	0.000643707	0.389082	0.354315	0.0238491	0.0733439	0.0732926	0.474265	0.0648928	0.0341694	5.20702	2.75278	2.16598	0.400633	0.172211	1.52837	0.0314054	0.664389	0.658535	0.00343709	0.776027	1.04721	1.41139	0.924918	5.62307	0.00587418	0.0689165	0.939282	1.57096	0.453676	1.40672	0.163107	0.622205	4.83803	0.0139824	0.295393	0.174829	0.082519	0.964241	0.25696	0.582777	1.87555	0.232944	0.680798	0.380481	1.02278	1.03329	0.324777	0.645001	0.0687985	0.0821149	0.308487	0.883583	0.419923	0.173129	0.702466	0.20159	0.765281	0.0143252	4.03739	0.102434	1.09417	0.679195	0.421232	0.754538	0.676124	0.0811709	0.178242	1.30843	0.243434	2.89988	0.734467	1.1372	0.130073	0.0152901	0.00602708	0.0784756	0.159076	0.796936	1.4687	5.1061	0.178877	0.00520071	0.118834	0.252685	0.0129545	0.580601	0.158507	0.40332	0.167646	1.19003	0.238758	0.0256534	0.338495	0.018568	0.469688	0.0624589	0.0261572	0.415113	2.44148	0.0380029	2.9322	0.377234	0.673843	0.197703	0.195843	0.132799	1.19211	0.461128	5.55751	3.81116	0.699594	0.0754	0.432333	0.447259	0.25349	1.48933	15.958	0.0524558	0.598424	0.599082	2.71903	1.61883	0.349091	3.50995	7.18946	0.494467	1.53865	0.0668858	0.524072	1.02306	4.3796	0.451719	0.0934042	0.941795	0.918651	0.947616	0.608662	0.622518	0.529738	0.646273	0.353946	0.141854	1.89893	0.221454	0.391132	0.616563	0.250386	0.63453	0.955647	0.61752	2.00167	0.515737	4.6163	1.3212	0.156628	0.35535	1.20541	0.394949	0.0845555	0.0889873	3.90919	0.397082	0.59145	0.0815899	0.406266	1.41865	1.58971	1.30822	0.168497	0.80422	0.950938	0.154566	0.614179	0.305017	0.0465734	6.27262	0.968329	3.44359	0.767651	2.88764	0.177683	0.924032	0.469281	0.273388	0.390086	

0.0139979	0.000408655	0.066781	0.0508469	0.116877	0.0369396	0.0246798	0.0651483	0.045562	0.0848265	0.00754022	0.126234	0.0423994	0.0221706	0.0441471	0.0871446	0.0376825	0.0381197	0.0103012	0.0781932	
0.0394414	0.0149586	0.0047433	0.00277107	0.201405	0.023555	0.00409627	0.211657	0.011811	0.19657	0.0236836	0.0312945	0.00362352	0.00871544	1.49761e-05	0.0457242	0.0455233	0.07303	0.0120514	0.0453305	
0.0700211	0.0958798	0.0100538	2.67738e-05	0.101453	0.0534658	0.0270739	0.193194	4.03098e-05	0.0920296	0.00858676	3.02477e-10	0.110058	0.0144676	3.99869e-05	0.128759	0.0411092	0.0303624	0.0192106	0.00416938	
0.111406	0.0014346	0.00115971	2.91717e-07	0.208403	0.0998999	0.0153192	0.0413026	0.000864707	0.0391606	0.00897824	0.00115433	0.294292	0.00541463	0.00475197	0.127336	0.00472717	0.0331873	0.000990485	0.000216642	
0.0482323	0.0363761	8.85179e-06	0.0416821	0.119415	0.114492	0.0740817	0.0761224	1.36019e-05	0.0509118	0.00217318	0.00273203	3.05465e-06	0.00620233	0.00023262	0.221024	0.0361923	0.0499999	0.0359721	0.0841326	
0.0140378	0.00965232	0.0112809	0.010052	0.208954	0.0973719	0.0596452	0.0179445	0.0696701	0.0402078	0.00549199	0.0742638	0.000377424	0.00146305	0.0151744	0.100432	0.100121	0.0263836	0.0182019	0.119275	
0.0727572	0.0519167	0.00037442	1.02892e-07	0.114752	0.119042	0.012105	0.0507551	0.00992784	0.0361042	0.0425424	0.103617	0.0225644	0.00874387	0.00308369	0.169182	0.0553841	0.0371089	0.0469635	0.0430759	
0.132293	0.00799341	0.000258617	0.00504309	0.167086	0.0477084	0.0250648	0.0802531	0.00631915	0.0445733	0.020409	0.065818	0.00128669	0.0122198	0.000325761	0.335181	0.0186685	0.0195846	0.000253337	0.00966078	
0.0240695	0.0990975	0.00368912	0.00866458	0.124913	0.0858494	0.000118303	0.0391475	0.0276107	0.048067	0.131798	0.00219489	0.00684987	3.93364e-05	0.00197573	0.280615	0.0383987	0.0343185	0.0106172	0.031966	
0.0480406	0.048536	0.000163442	0.00937232	0.141861	0.0047395	0.00498839	0.0164893	0.0714649	0.040096	0.0293087	0.0124696	0.0567576	0.00464996	0.148853	0.0994454	0.0944427	0.0613604	0.0873989	0.019563	
0.0155653	0.00970592	6.57956e-10	8.17956e-06	0.291118	0.00656337	0.0248717	0.0488418	1.14016e-05	0.27696	0.0515737	0.0214816	0.00534678	0.0190864	0.0245205	0.0357025	0.0307898	0.0301758	0.0265782	0.0810988	
0.0791031	0.000264988	0.028491	4.02341e-08	0.119696	0.0325377	0.0180459	0.0980241	0.00366048	0.335248	0.00259917	8.4841e-06	0.0111409	0.00438137	2.68003e-05	0.0426603	0.0284818	0.11919	0.0205071	0.055932	
0.23856	0.0101108	2.75324e-05	0.0060131	0.110156	0.0140767	0.0172245	0.0269208	0.00928244	0.0247931	0.0595252	0.084173	0.0633927	0.123824	0.0402823	0.135548	0.0187388	0.00416184	0.0069448	0.00624459	
0.0219145	0.0169493	4.03651e-05	2.07717e-11	0.285793	0.21007	0.00426333	0.0435739	0.0343243	0.100997	0.0148376	0.0550536	0.026118	0.0203363	7.17115e-06	0.116126	0.0153795	0.00617781	0.00137382	0.0266649	
0.0199153	0.0121325	2.68371e-06	0.000692804	0.129514	0.0256684	0.000899175	0.0283892	0.0241615	0.256242	0.066157	0.0218724	0.117316	0.0211275	0.0194401	0.113837	0.020003	0.0861344	0.0169003	0.0195943	
0.156655	0.00144404	0.000357306	0.130165	0.0529116	0.0208355	0.0274751	0.0318758	0.000276676	0.262618	0.00227201	0.00321744	0.00624208	2.11058e-05	0.00147142	0.0416369	0.0825643	0.097633	0.0633932	0.0169353	
0.136245	0.00596469	0.00129844	4.08293e-08	0.109656	0.0542745	0.00509093	0.0831167	0.0418891	0.122825	0.0192163	0.000496064	0.00642553	0.0205912	0.0586076	0.0993213	0.0813556	0.0776617	0.0302359	0.045728	
0.0358825	0.00086229	0.000321332	0.00131474	0.275956	0.139274	0.00130613	0.0590716	0.000267759	0.078085	0.00221205	1.5593e-08	0.0211396	0.0125887	0.00415432	0.00559382	0.00795305	0.0954266	0.00851009	0.250081	
0.0203749	0.00773251	0.000561316	0.00205947	0.304009	0.00349977	0.0272873	0.0661157	0.0069574	0.0543285	0.0202059	0.00020887	0.00414535	0.0129881	6.89946e-06	0.228977	0.169967	0.0536104	0.0123632	0.0046021	
0.0448557	0.00138021	0.0397492	0.00117817	0.0910259	0.0224659	0.00261469	0.166642	0.000701896	0.162474	0.00535259	0.00105341	0.00981131	0.0028056	0.0225964	0.295772	0.0274592	0.0488123	0.0233236	0.0299261	
0.0236336	0.0145537	0.00352829	2.07914e-05	0.253265	0.0340886	0.0460989	0.0636772	0.00412455	0.105999	0.004378	0.00325748	1.25206e-05	0.00036537	0.00126115	0.0125498	0.295007	0.0309403	0.0173316	0.085907	
0.0860089	0.00744842	0.0028084	0.00583677	0.237067	0.0430164	0.000320187	0.104145	0.00135165	0.252636	0.032731	0.0327757	0.0347539	0.000958269	0.000300292	0.0273617	0.0332534	0.0857582	0.0113988	6.87597e-05	
0.0280892	0.0516999	0.0168978	1.82777e-07	0.0442484	0.0816462	0.0743302	0.00428878	0.0171847	0.0930304	0.142855	0.000908058	1.50525e-05	1.49888e-05	5.85637e-09	0.244744	0.0439527	0.0560579	0.0120538	0.0879828	
0.172091	0.0358947	0.000660446	0.00162617	0.218536	0.0623434	0.00811141	0.0717638	0.000164831	0.106923	0.0106651	0.00023166	0.138277	5.81871e-05	0.020292	0.0786925	0.0188468	0.00845564	0.0134049	0.0329608	
0.0871526	0.000284795	0.000229444	0.0166649	0.0999382	0.120687	0.000942316	0.0168602	0.115457	0.131997	0.00237771	0.00391342	0.0125685	0.00212783	0.000667856	0.141337	0.0299695	0.127866	0.0191167	0.0698437	
0.0583863	0.0298866	0.00210044	6.20225e-08	0.0961618	0.033332	0.0450139	0.0284145	0.012093	0.140349	0.0173044	0.0184416	0.162806	0.0534611	1.26809e-05	0.158237	0.0892402	0.0135505	0.000898471	0.0403106	
0.0538431	0.0450633	3.03612e-06	0.000134546	0.127809	0.0021518	0.00896057	0.0985106	5.95905e-06	0.0602194	0.0847527	0.000519788	0.0142123	0.000550984	0.051803	0.154819	0.0817121	0.173464	0.00252705	0.0389379	
0.0488698	0.00229189	0.0157705	8.48359e-11	0.127887	0.0366168	0.0780283	0.0350427	0.0520419	0.234731	0.0542957	0.0134072	0.000455721	0.000199097	0.0143704	0.135484	0.0672025	0.00288323	0.031542	0.0488807	
0.049208	0.0513656	0.000107828	0.130369	0.0708624	0.0149743	0.0399409	0.0543786	0.0542655	0.142046	0.0129164	0.000641069	0.00212715	0.00682162	0.00122305	0.0521064	0.0417323	0.253367	0.0209543	0.000592778	
0.120533	0.0478095	8.10827e-11	0.0172987	0.116072	0.131316	0.0415583	0.0133187	0.012749	0.119231	0.0570977	0.000857218	0.0142136	0.0868323	1.3639e-06	0.026472	0.144816	0.0145182	0.00432045	0.0309855	
0.146573	0.0166067	0.00313211	0.00501549	0.096181	0.0174707	0.0339323	0.0645837	0.0314206	0.291661	0.0286266	1.83954e-09	0.0261494	0.00382703	0.0124928	0.0324362	0.0404063	0.0583879	0.0243142	0.0667823	
0.024144	0.0346657	0.057244	1.39417e-07	0.353887	0.00347186	0.0357273	0.0754851	0.000497288	0.0796359	0.0102433	0.00161905	0.00179465	0.000112016	0.0164926	0.0255691	0.118126	0.146613	0.00826636	0.00640643	
0.0579866	0.0621017	7.1645e-13	4.56994e-06	0.108681	0.141912	0.00157197	0.032925	0.0184237	0.0158787	0.0224733	0.00274062	0.013228	0.0252395	0.0107746	0.309456	0.0738543	0.0766587	0.00413211	0.0219587	
0.105933	0.00923528	0.00828519	5.26473e-05	0.0563804	0.0596652	0.0062247	0.0122792	0.0317023	0.158968	0.0716637	0.0101557	0.0598572	0.000898771	3.84968e-05	0.103431	0.190227	0.0811044	0.00893682	0.0249614	
0.0833895	0.000436914	0.0168971	0.000291628	0.116712	0.0237154	0.01425	0.165863	0.0649535	0.0332371	0.00741598	4.25364e-05	0.00706331	0.252044	4.7792e-15	0.0778198	0.0700945	0.0210899	0.00328148	0.041403	
0.00617708	0.00429908	3.49494e-05	0.000326668	0.199927	0.0417253	0.00322058	0.082613	0.00022127	0.10714	0.0118201	0.000874012	0.00167648	0.00966859	0.00105375	0.351103	0.0358461	0.12793	0.0104182	0.00392598	
0.107938	0.0117911	0.00939547	7.9039e-10	0.341637	0.0391557	0.0234892	0.0391397	0.00119137	0.0747085	0.000875009	0.0148498	0.0370356	0.0661975	6.23108e-05	0.106282	0.0320999	0.0432069	0.0331658	0.0177784	
0.220921	0.0151577	0.0135906	0.00125662	0.0939736	0.0588618	0.0166245	0.0242146	0.0104764	0.0385175	0.0393821	0.0319879	0.00379721	0.0133294	0.00508574	0.0934577	0.0686133	0.0397136	0.109941	0.101098	
0.117406	0.0327356	0.00500643	0.00161067	0.0439313	0.0130498	0.000299478	0.0336611	0.0066712	0.116371	0.026252	0.000745831	0.0171453	0.0272895	0.0152914	0.0811925	0.140339	0.123876	0.196972	0.000153404	
0.061062	0.0111684	0.0978614	0.0102597	0.300421	0.0787089	0.0556171	0.0143906	0.00174715	0.0252421	0.00741098	8.75836e-10	0.00695428	0.0710765	4.32572e-10	0.0760553	0.0595107	0.0589371	0.0437699	0.0198072	
0.0474559	0.0108624	0.00120074	0.000804732	0.0716612	0.0296143	6.26238e-05	0.161192	0.125147	0.0429808	0.096302	5.05042e-08	0.0115091	0.018271	0.000532392	0.0605415	0.059305	0.243618	0.0042775	0.0146613	
0.0173105	0.104834	4.37663e-05	7.95227e-05	0.168377	0.140212	0.0182727	0.0858326	0.00768728	0.00713664	0.0165645	0.0135757	0.0156707	0.00384305	0.000242271	0.111861	0.215146	0.0201957	0.0138747	0.0392389	
0.0216514	0.0447344	0.00255045	1.02417e-10	0.0970302	0.0364879	0.00827583	0.00478289	0.00264182	0.119889	0.060445	0.0889875	0.0630506	1.57055e-07	0.00265145	0.0638552	0.000913502	0.234363	0.0651904	0.0824994	
0.0750913	0.00365426	0.0413422	0.000355901	0.17608	0.0227304	0.0106231	0.0678744	0.0262412	0.148507	0.131005	1.62658e-06	1.97624e-05	0.06527	0.00105328	0.0584139	0.0493683	0.0245849	0.00392784	0.0938559	
0.0179018	0.0349733	0.00196282	0.0645817	0.1371	0.206959	0.00651891	0.0834026	0.00899149	0.0495537	0.0494208	0.0113288	0.00665861	0.000568248	3.25262e-07	0.0695453	0.0703854	0.0773304	0.026624	0.0761927	
0.0226651	0.00983772	0.00164599	9.5736e-06	0.180874	0.00747701	0.00412224	0.0530261	0.000992482	0.0312362	0.00719327	2.87341e-05	0.00563017	0.0337684	1.14222e-05	0.134376	0.0616613	0.185487	0.075307	0.184651	
0.0287811	0.042423	6.78021e-09	0.00597195	0.175422	0.109448	0.00462837	0.0626061	0.00138797	0.083272	0.00438112	0.0156574	5.26004e-06	0.00311407	0.00831806	0.203941	0.0428293	0.118347	0.0210144	0.0684515	
0.0319245	0.0475516	6.57547e-05	0.000468331	0.0324016	0.0658704	0.00313669	0.0410356	0.0592153	0.234023	0.0142471	0.000753446	0.00702746	0.0122734	0.0112559	0.164553	0.126442	0.0937917	0.0323196	0.021644	
0.0563815	0.0202878	0.0137619	1.0437e-06	0.265163	0.0262573	3.56425e-05	0.0209332	0.03132	0.0588235	0.0400898	3.05357e-05	0.0172633	0.0312084	0.00255168	0.0554708	0.0719382	0.182196	0.0381773	0.068109	
0.0206087	0.0847114	7.11593e-05	0.00490143	0.233282	0.0363002	0.0300088	0.0366539	0.095101	0.0348196	0.0148945	9.95403e-08	0.00911459	0.00717068	2.88667e-11	0.196979	0.0742571	0.0464799	0.00482923	0.0698169	
0.0457985	0.00532195	0.00837449	0.00294565	0.0831686	0.0155837	0.00187352	0.00334489	0.0324075	0.144074	0.0158531	0.00235075	0.00105531	0.0735963	0.000293771	0.111811	0.281772	0.030396	0.0122036	0.127776	
0.0174885	0.0474144	0.000827577	0.0056867	0.0264893	0.0267642	0.0406781	0.00194693	0.0881029	0.238156	0.0494933	0.124159	0.00134137	0.0363336	0.0401104	0.0940034	0.0245665	0.106194	0.0155334	0.0147111	
0.00477028	0.0645882	3.6767e-12	6.63687e-07	0.234968	0.19365	0.0349248	0.0436464	0.00744791	0.220408	0.0297506	0.0207105	0.000697449	0.00836948	0.0042005	0.0152245	0.0111913	0.0465965	0.0436377	0.0152183	
0.0641382	0.0249155	0.00131671	0.0243706	0.00890212	0.0401849	0.0148819	0.0354884	0.00399415	0.20185	0.0102616	5.738e-06	0.0222125	0.0185787	9.33783e-05	0.18706	0.00831829	0.232235	0.0975331	0.00365977	
0.0500412	0.00160033	0.0109876	3.67615e-05	0.439188	0.0683432	0.00612713	0.0165702	0.0334586	0.102785	0.00842018	0.000876232	0.0131404	0.0563767	0.00350601	0.0223174	0.00375861	0.0372448	0.0363664	0.088855	
0.0240672	0.0494157	0.00411318	6.6816e-10	0.0902732	0.03031	0.0162869	0.0428858	0.143478	0.12512	0.00339335	0.000392793	0.00283939	0.00509711	1.16007e-05	0.151768	0.141057	0.0851811	0.00438019	0.0799291	
0.0040001	0.0089267	0.000198197	0.00462272	0.0322906	0.154872	0.028198	0.104186	0.0120959	0.0764827	0.0510564	0.0144848	0.0785902	2.8748e-05	0.000236158	0.177909	0.145421	0.0509511	0.0306468	0.0248029	
0.135721	0.0323487	1.21194e-05	0.00106383	0.0653663	0.0906712	0.0286012	0.0418775	0.0394871	0.144018	0.0458762	1.19918e-06	0.000437224	0.0261088	0.000132353	0.116206	0.0135392	0.121475	0.0917965	0.00525986	
0.111857	0.04701	0.0231966	0.00104339	0.240971	0.155246	0.00494726	0.0231748	0.0365276	0.0236869	0.0100317	8.97167e-06	0.00480695	0.00123804	0.000292285	0.0451866	0.107765	0.0519873	0.108508	0.00251374	
0.0990321	0.0356682	0.0140631	8.24367e-05	0.132229	0.121184	0.0512952	0.0577593	0.04161	0.0464511	0.00862252	0.0505802	0.0321973	0.0378403	0.0385304	0.0242914	0.0739954	0.0771331	0.0135196	0.0439146	
0.0565955	0.101631	0.00162938	0.00022667	0.122607	0.0210937	0.00370553	0.0990478	0.00789796	0.103489	0.0556151	0.0101114	0.0152712	0.000885822	0.000564524	0.124551	0.0527891	0.0693176	0.048829	0.104141	
0.0251594	0.0174547	0.000134495	1.70159e-05	0.173218	0.0238259	0.114272	0.25176	0.0705213	0.128581	0.00203417	3.39828e-05	0.00103136	0.00440258	0.00112329	0.0846169	0.0240036	0.0650861	0.00375306	0.00897222	
0.128925	0.15143	1.11501e-08	0.003578	0.185968	0.0161309	0.0484304	0.0639226	0.00516353	0.116071	0.0154399	2.51531e-05	0.0162056	0.00276193	3.27145e-06	0.0758647	0.00678271	0.0820135	0.0384977	0.0427863	
0.0972193	0.00057234	1.24122e-08	0.000147034	0.0974568	0.198482	0.0203703	0.061816	0.000326725	0.111792	0.102427	0.0887929	0.02365	1.80773e-05	0.00357077	0.0479591	0.0179873	0.028217	0.0450662	0.054129	
0.0622384	0.0453701	0.00422465	0.00350441	0.219379	0.0266549	0.0447038	0.13161	0.00747498	0.0969259	0.0108716	0.000210019	0.0100649	0.024632	0.110743	0.0880018	0.00138441	0.102825	0.0069123	0.00226844	
0.0295654	0.0113254	1.90567e-05	0.0406483	0.220592	0.0529166	0.00557744	0.0820833	0.0429058	0.130522	0.0418745	0.0901	3.51025e-07	0.0252107	0.00100291	0.0860446	0.0472047	0.0028578	0.0406873	0.0488623	
0.0959234	0.00726708	0.000865445	0.00506206	0.117175	0.0654086	0.0258739	0.126372	0.0172394	0.0502201	0.100394	0.00162947	0.00741443	0.00274728	0.0330506	0.00138833	0.0219193	0.295943	0.000756263	0.0233505	
0.112143	0.0400876	0.000162419	0.000139058	0.0507675	0.0283602	0.0424514	0.0473401	0.0463995	0.0326036	0.114399	0.0768243	0.0138794	0.152636	0.00231996	0.0352938	0.0323946	0.0450877	0.113895	0.0128158	
0.074138	0.0434231	1.49712e-05	0.000146259	0.0646278	0.0793592	0.016188	0.0426707	0.00456023	0.158846	0.0626065	0.00506739	0.0105993	0.00272886	0.0266739	0.265461	0.0174752	0.0549176	0.0180544	0.0524417	
0.0586261	0.0183596	0.006709	0.0661312	0.131641	0.1199	0.0326307	0.0705435	0.101147	0.148441	0.0419812	0.0050785	0.0272669	0.0011595	6.37062e-06	0.031868	0.0740389	0.0382899	0.0172311	0.00895037	
0.0547989	0.00371171	0.000144369	2.78229e-05	0.276346	0.0241265	0.0743394	0.0620903	0.000484987	0.136711	0.0671017	0.000502981	0.00481648	0.0508903	0.0298504	0.0664466	0.0628142	0.0211547	0.0372734	0.0263685	
0.0619883	0.0495956	5.50326e-07	7.41392e-05	0.0323826	0.193102	0.00323761	0.00440577	0.0460065	0.0771607	0.00126272	0.0162962	0.00193584	0.00135294	0.0175637	0.20374	0.0393505	0.137117	0.0439634	0.0694639	
0.00996216	0.00732686	6.38879e-06	0.0275891	0.225908	0.0675876	0.0376117	0.0758522	0.00885181	0.0906111	0.0276075	0.000474603	0.00986257	0.00656873	0.00335739	0.131623	0.157527	0.0568632	0.0233216	0.031488	
0.100106	0.0099108	0.0917055	0.000386285	0.0736164	0.0330205	0.0444421	0.101912	0.0144618	0.0289993	0.0799609	0.000104702	0.00221539	0.0033603	0.00303971	0.154822	0.0820828	0.0349795	0.0447136	0.0961603	
0.0394858	0.00108728	5.41318e-05	1.22105e-07	0.332579	0.0434188	0.00339335	0.0273874	0.0195461	0.0822613	0.00607237	0.00385464	0.0254233	0.0775265	0.00133179	0.0735137	0.0123922	0.0801956	0.0681583	0.102318	
0.0572856	0.00754335	0.00719245	0.0130069	0.252106	0.0138554	0.0231247	0.000306556	0.0208159	0.115865	0.00526467	0.000862003	0.0484711	0.0765074	0.00319253	0.0560947	0.131748	0.0433719	0.111779	0.011606	
0.107932	0.00468582	3.5512e-10	0.00617873	0.121971	0.0286366	0.0445002	0.0523808	0.0499652	0.165201	0.0174713	0.00133613	0.0135346	0.000602191	0.0901279	0.128847	0.00110975	0.100808	0.0105581	0.0541529	
0.0919438	0.000340993	0.0113979	0.0184256	0.0668302	0.0763869	0.279424	0.0258719	3.21105e-05	0.0458073	0.112434	0.000322688	0.000599507	0.000206072	0.0153417	0.0495206	0.0552688	0.0462139	0.0878959	0.0157362	
0.0682686	0.064687	0.000269225	0.00501092	0.211617	0.059292	0.0146681	0.131571	0.00055098	0.0164561	0.209209	0.0331512	0.00156058	0.00948026	0.00276799	0.0476387	0.0902661	0.0188754	0.00854973	0.00610958	
0.0162963	0.00962741	0.0373792	0.0100947	0.22651	0.0556128	0.0112367	0.179683	0.00612698	0.0855346	0.0167357	0.012415	0.0156237	0.0180099	0.000108232	0.0710173	0.0635322	0.123218	0.035096	0.00614195	
0.0761852	0.0237131	0.0142803	0.000108259	0.297891	0.0720914	0.0173311	0.0398195	9.90596e-06	0.0289723	0.154097	4.35759e-06	0.00438586	5.86021e-06	0.00288865	0.0571163	0.0315074	0.0703936	0.000118517	0.10908	
0.00630406	0.0202162	2.8208e-05	1.45855e-13	0.251442	0.156183	0.0774491	0.0329504	0.000656918	0.131644	0.0174512	0.0649521	0.0807731	0.0783973	0.00581285	0.0506795	0.00803866	0.00358481	0.0127874	0.0006486	
0.0927074	0.000362159	0.0955004	1.35149e-11	0.223495	0.0387509	0.062981	0.0502192	0.0362025	0.0647735	0.00382718	0.000193768	0.0194216	0.000606265	0.00196067	0.0754377	0.0355266	0.0576768	7.36722e-06	0.14035	
0.163291	0.0246043	0.000116226	0.0740371	0.0530842	0.0520478	0.0115199	0.170049	0.0753788	0.0738317	0.0250569	0.00169232	0.0346266	0.00458954	0.0271712	0.0288915	0.00803366	0.149984	0.0215142	0.000480542	
0.115049	0.00893171	0.044603	0.000184736	0.148017	0.00991269	0.0164842	0.00759811	0.0120253	0.104912	0.0233795	0.00544738	0.0166549	0.020728	0.00947569	0.182299	0.0536532	0.0402002	0.175566	0.00487827	
0.0165643	0.00851773	0.00010822	9.59208e-05	0.0893195	0.027731	0.0861999	0.0461367	0.000475561	0.185655	0.104624	0.000588255	0.00174187	0.000396584	0.00296485	0.0792546	0.0869062	0.247562	0.0120911	0.00306695	
0.0250813	0.000432676	3.68704e-06	1.34154e-05	0.117289	0.185928	0.0163498	0.0969726	0.0412258	0.209404	0.00136596	0.019025	0.00438627	0.0168038	0.0318476	0.0656051	0.00884532	0.11836	0.00711282	0.0339474	
0.176987	0.0252474	0.0175084	0.000304427	0.0558734	0.0334352	0.00528136	0.0922709	0.0135493	0.034241	0.0355662	0.0724868	0.00878643	0.0517902	0.00200513	0.212293	0.110126	0.0195493	0.0226432	0.0100547	
0.092443	0.0317214	0.00252423	0.000475277	0.290209	0.00771381	0.000481526	0.0059632	0.00714298	0.157354	0.00345134	0.00611523	0.0327812	0.0291404	0.00336102	0.0912134	0.0404714	0.0340573	0.113515	0.0498651	
0.0599676	0.0139646	0.00379831	0.0177112	0.176138	0.0278796	0.0901516	0.0993248	0.010954	0.13494	0.00802713	0.0254752	0.00137934	0.00478638	0.000528457	0.0765468	0.0503743	0.171953	0.0209322	0.00516808	
0.0458743	0.00865661	0.00366919	0.000278655	0.389713	0.0262185	0.00669846	0.00936933	8.84947e-05	0.0677108	0.030715	0.000676172	0.000234817	0.0490632	0.00805509	0.0687753	0.0476439	0.0525828	0.18014	0.00383561	
0.0870085	0.0466532	0.0190767	6.4505e-06	0.279619	0.0126886	0.0209469	0.151879	0.00605324	0.109227	0.00855196	0.000566677	0.0712093	0.0690888	1.91528e-05	0.0325608	0.0275256	0.0146756	0.00293585	0.039707	
0.0115736	0.00458774	0.0344225	4.21617e-05	0.098435	0.109901	0.0195814	0.0261077	0.0968539	0.0424717	0.0185678	0.000503128	0.148221	0.0293204	3.52835e-06	0.0361921	0.0592689	0.147943	0.0619222	0.0540809	
0.0386658	0.0079354	0.0253592	0.0187297	0.158983	0.0823361	0.00285866	0.0131088	0.00807805	0.0954257	0.000913446	0.0201162	0.00370184	0.028945	0.000128601	0.332829	0.0624936	0.087348	0.00294983	0.00909421	
0.0302997	0.0318974	0.0234482	0.000392461	0.0674413	0.0360306	0.0559743	0.0246901	2.34352e-05	0.103521	0.056361	4.69007e-06	0.00896017	0.000175671	1.7079e-06	0.222722	0.315282	0.0209024	0.00162706	0.000244836	
0.0228072	0.0184248	0.00223936	2.50694e-05	0.0637677	0.219412	0.00137443	0.0536127	0.0285904	0.0435861	0.00871835	0.0191655	0.0242274	0.00127113	0.0783592	0.339499	0.00478553	0.0448765	0.00926701	0.0159907	
0.0524032	0.00157901	5.2816e-05	3.0554e-10	0.298316	0.0811304	0.00561081	0.04456	0.000824932	0.0135064	0.0152799	0.00329022	0.00178235	0.00146146	5.72283e-05	0.0880108	0.0367537	0.188221	0.0685018	0.0986586	
0.0429069	0.112568	0.015836	0.00050561	0.0673426	0.00854493	0.0485223	0.0383758	0.00160005	0.2577	0.0844161	0.000453477	0.032534	0.00553048	0.000409092	0.184332	0.0293539	0.0417091	0.00474214	0.0226178	
0.036627	0.0221426	0.00030888	0.00576304	0.143683	0.114452	0.0809641	0.0502994	0.0410827	0.152119	0.0169944	0.0121015	0.000626716	7.24749e-05	0.000281659	0.0224561	0.0233782	0.109156	0.134236	0.0332543	
0.062963	0.00177334	0.000229919	0.0795589	0.163315	0.00782367	0.0372033	0.0216807	0.00217497	0.119559	0.0442978	0.0170389	0.0118458	1.30637e-05	0.000331441	0.136455	0.14985	0.0181906	0.0999314	0.0257639	
0.00735701	0.050409	0.0678597	0.000490771	0.206992	0.0311895	0.0152537	0.0239712	0.00294573	0.0745548	0.00361416	0.00876247	0.00418721	0.0326038	0.000434559	0.24601	0.0334438	0.133844	0.0275816	0.0284952	
0.0865955	0.0631571	0.000603701	0.0274696	0.0733552	0.190981	0.0031087	0.0137526	0.00890035	0.0584108	0.0296741	0.0183096	0.000560821	0.0236738	0.00668646	0.104821	0.120622	0.133425	0.0193022	0.0165899	
0.0314987	0.00164581	6.81599e-07	0.0180894	0.185583	0.164756	0.0430531	0.0520397	0.0417553	0.0613144	0.00766819	0.00406056	3.32188e-06	0.047878	0.0149946	0.0891914	0.086958	0.14481	0.00455703	0.000142219	
0.0463951	0.0388661	3.15152e-09	2.89477e-07	0.104283	0.159534	0.00438029	0.0347508	0.00684004	0.204255	0.0118639	0.00587896	0.0185333	0.00309063	0.0490815	0.0974846	0.124306	0.0680844	0.00133742	0.0210349	
0.11024	0.0201337	6.42757e-07	2.71332e-05	0.0455036	0.0240185	0.0044677	0.0361959	0.0534926	0.108388	0.0235478	0.000181819	0.0415744	0.0112069	0.014816	0.051795	0.131378	0.0901276	0.0784699	0.154435	
0.0202201	0.00160278	0.0200163	2.6248e-10	0.153682	0.0297562	0.00263018	0.0219298	0.0822956	0.187988	0.0431738	0.000609087	0.0906209	0.0149873	0.00437899	0.0803954	0.0726417	0.136674	0.0311806	0.00521753	
0.0768386	0.00188758	4.72432e-05	0.00154334	0.168264	0.0571722	0.00326004	0.135418	0.0309072	0.128592	0.00841834	0.000189393	0.00373803	0.0748702	0.000109797	0.0693797	0.106876	0.0783803	0.0376378	0.0164704	
0.171874	0.0386888	4.6084e-05	0.00639023	0.0662893	0.00906321	0.0259198	0.08661	0.0925683	0.124244	0.0385175	0.000741507	0.00349351	0.00420828	0.0135136	0.149944	0.0783962	0.0357545	0.0152301	0.0385083	
0.0439048	0.0375834	2.19166e-11	8.88388e-05	0.0807956	0.00503729	0.00404195	0.191311	0.0411785	0.0826458	0.0821334	4.5987e-05	0.000786096	0.0571706	1.16039e-07	0.134235	0.00530325	0.107908	0.0544242	0.071406	
0.118411	0.0018262	1.57754e-05	2.3482e-06	0.094013	0.0634817	0.0492583	0.0628002	0.0148614	0.171319	0.0013255	1.87767e-09	0.0116888	0.000430728	6.28653e-05	0.206934	0.0268533	0.130988	0.0194846	0.0262438	
0.0151419	0.00152208	3.16112e-06	7.60354e-05	0.280483	0.0237054	0.00845605	0.0275027	0.00595102	0.0770661	0.0822005	0.0408986	0.0232768	0.0135784	0.00597971	0.12463	0.038472	0.20813	0.017907	0.00501909	
0.0949879	0.00511582	0.0161515	0.000370773	0.185639	0.00287348	0.0129602	0.0439943	0.0103525	0.165113	0.0090307	9.50142e-05	0.000212546	0.00606481	0.0210191	0.213829	0.0953251	0.0823372	0.0232661	0.011262	
0.237036	0.0071887	0.00425583	0.0532402	0.158543	0.0502821	0.014883	0.0773277	0.00696156	0.0903452	0.0138708	0.0232451	0.00340599	0.000150338	0.00380679	0.0663927	0.0382237	0.0617181	0.0141795	0.0749438	
0.0250874	0.00105238	3.74767e-16	0.00109643	0.346322	0.00803083	0.0164141	0.130937	0.0102448	0.0109365	0.0548434	0.000118253	0.0502187	0.000236021	2.25747e-05	0.0493304	0.0155292	0.174892	0.00058586	0.104102	
0.123741	0.0805012	0.000590785	0.00831719	0.0649554	0.0299222	0.00781076	0.0458442	0.0187164	0.277667	0.00313706	0.011802	0.00241418	0.048973	0.000212958	0.110319	0.0649832	0.00698826	0.0826762	0.0104279	
0.03145	0.114429	1.43685e-05	0.00528174	0.183618	0.0379513	0.0755427	0.0103879	0.0298029	0.0935507	0.0559084	0.00014297	5.02232e-05	0.000418335	2.12203e-08	0.174019	0.0335696	0.138983	0.0103867	0.00449215	
0.0921626	0.0224032	0.0294639	1.81834e-05	0.022503	0.0606896	0.00923976	0.0300892	0.0652016	0.0741271	0.00555078	6.90961e-06	0.00849959	0.111002	0.00582572	0.10349	0.181845	0.0769237	0.0951783	0.00577913	
0.107141	0.0245958	0.000404722	0.0409969	0.0533848	0.0211259	0.032011	0.0594568	0.198434	0.0754542	0.0458014	0.00677584	0.00658499	0.0867667	0.00245311	0.0210485	0.0538908	0.00633674	0.0468813	0.110455	
0.0430398	0.0789816	0.0123387	0.0135109	0.218853	0.0627109	0.00846367	0.0282781	0.00904318	0.0418062	0.0100358	7.71633e-07	0.0181046	0.067428	3.70196e-06	0.084639	0.0931664	0.119455	0.0564596	0.0336818	
0.0664166	0.0255773	2.50773e-05	4.74376e-09	0.34656	0.0555208	0.00465822	0.0888518	0.000620222	0.197877	8.53882e-05	0.00624523	0.00305617	0.0691731	4.20305e-06	0.0752404	0.000438048	0.00980831	0.00150801	0.0483346	
0.0849709	0.117822	0.00452706	0.0915342	0.0417133	0.0240506	0.0437081	0.0548366	0.039025	0.0963361	0.0132971	0.000659371	0.0424614	0.00194704	0.0909748	0.034283	0.0965207	0.0964886	0.00121516	0.0236292	
0.139764	0.00893121	0.00282482	5.19083e-06	0.110959	0.0108509	0.139495	0.045807	0.00525597	0.102275	0.0167949	0.00859133	0.000937391	0.0123428	0.000111698	0.0923138	0.0531865	0.150326	0.0365507	0.0626758	
0.0417242	0.0398387	0.00148867	3.43247e-06	0.304804	0.0768019	0.00160957	0.0519811	0.00357092	0.0439062	0.138204	0.000843198	0.000287223	0.0181899	0.00129138	0.0469477	0.134401	0.0664634	0.00548416	0.0221592	
0.0668526	0.0430979	0.00678429	1.1809e-06	0.132482	0.0104349	0.0188358	0.0575009	0.0186796	0.13505	0.0217323	0.0093675	0.0453535	0.0128666	5.2674e-06	0.0368938	0.0821711	0.18667	0.0145226	0.100698	
0.0422021	0.0942259	0.0010234	1.70682e-07	0.143594	0.00270797	0.0194053	0.0561217	0.0840301	0.191666	0.0229588	9.38383e-05	0.0344647	0.00239674	0.000398041	0.142902	0.0271855	0.0254089	0.000487164	0.108728	
0.0106924	0.138078	4.33678e-08	1.19912e-09	0.141538	0.0432372	0.000309645	0.0127926	0.0119161	0.171471	0.0372532	0.00356373	0.00781538	0.162296	0.0313188	0.0476008	0.0484555	0.051419	0.00664694	0.0735948	
0.145095	0.0179285	2.33626e-09	3.42731e-05	0.192904	0.112635	0.0113479	0.0787639	0.00435894	0.061283	0.00449911	0.00128536	0.0030021	0.00567219	0.0209269	0.108557	0.0212101	0.0679978	0.0772113	0.0652881	
0.0107665	0.0693292	4.19804e-05	0.0279631	0.0930306	0.112709	0.0778101	0.0113926	6.99344e-05	0.223614	0.0115133	0.0696198	8.81375e-06	0.0133162	0.0169931	0.100117	0.0497098	0.0666058	0.0219674	0.023422	
0.032994	0.00247652	0.000771668	0.000109583	0.0704889	0.0400482	0.0648558	0.0370786	0.018087	0.0107754	0.0419043	0.00761436	0.00975542	0.00446838	1.15273e-07	0.116224	0.0172282	0.431127	0.0340033	0.0599894	
0.0165511	0.00669214	0.0277757	9.17262e-05	0.209237	0.0163547	0.0446713	0.0326136	0.00439319	0.15251	0.0279865	0.00238803	0.00603312	0.00615891	0.0117693	0.0874824	0.117613	0.185791	0.0273236	0.016563	
0.0361554	0.000367906	5.97317e-09	0.0317442	0.269424	0.0119791	0.00991288	0.00115756	0.00825406	0.0929818	0.00685923	0.107375	0.00615212	0.0558184	4.03186e-10	0.0937892	0.0689793	0.0936747	0.0976513	0.0077242	
0.0418152	0.00301655	2.48542e-07	0.00414666	0.194876	0.0518972	0.0179754	0.155948	0.0409639	0.123701	0.0488543	0.00115886	0.00321095	0.00496126	0.00208241	0.0921367	0.0215669	0.0537926	0.0424336	0.0954625	
0.139575	0.0074434	0.00286251	0.0156749	0.0777917	0.0205973	0.0120392	0.0891634	0.0239393	0.169596	0.095876	4.41556e-05	0.0235861	0.00471217	0.0169079	0.120534	0.0418293	0.0576875	0.0598093	0.020331	
0.0103788	0.0411738	0.00218165	0.0184865	0.266118	0.022214	0.00136439	0.0306067	1.77295e-05	0.138251	0.0268206	0.00622716	0.00537054	0.0808782	0.000440545	0.0941211	0.145461	0.00590725	0.0920129	0.0119682	
0.0487637	0.019245	0.0145276	0.00901969	0.150568	0.0211279	0.056854	0.0612621	0.0855587	0.0488233	0.157843	0.00170259	0.0104879	0.00525127	0.058328	0.0766818	0.0591439	0.0914439	0.0198403	0.00352728	
0.0113028	0.0104598	7.98315e-05	0.0391172	0.115617	0.0258497	0.0119552	0.0832563	0.00535806	0.357806	0.0648659	0.108048	0.00342548	0.00401017	0.00220299	0.0254804	0.0103449	0.0887251	0.00270904	0.0293854	
0.0616511	0.00512474	0.00233102	0.000782013	0.191865	0.078664	0.00589453	0.0257808	0.00160969	0.0273605	0.0340611	0.0265084	0.00912794	0.000537994	0.03247	0.0395373	0.00889713	0.0276519	0.250366	0.169779	
0.0374335	0.0472632	0.000564527	0.000666448	0.181927	0.0473553	0.00356055	0.0437413	0.00966636	0.0265452	0.0543633	0.0143712	0.0805696	0.0352358	0.0365695	0.151133	0.0820973	0.0916486	0.000359645	0.0549295	
0.052201	0.0619737	1.03578e-08	8.42589e-06	0.108567	0.108376	0.00678975	0.0217279	0.000343332	0.221792	0.11413	0.000370131	0.00382686	0.0140764	0.0355909	0.105608	0.0894832	0.0222118	0.00351814	0.0294059	
0.0862171	0.0474414	0.0077623	0.00141607	0.0912479	0.0533113	0.00470451	0.108391	0.0453197	0.200649	0.00724043	0.00285934	0.00339694	0.0343663	0.0145867	0.104538	0.0410515	0.0104854	0.0793484	0.0556657	
0.127571	0.0781989	2.96272e-09	1.36417e-07	0.105705	0.0109795	0.00424215	0.0465933	0.022819	0.148833	0.0307334	3.52101e-05	0.00190168	0.0458749	0.025028	0.179197	0.109027	0.0450102	0.00642578	0.0118256	
0.145909	0.00343154	2.9656e-05	5.59216e-06	0.0236845	0.0571032	0.0514038	0.0783739	8.85829e-05	0.0939008	0.0596744	7.3812e-07	0.000821354	0.127407	0.000639359	0.212959	0.0307364	0.0778933	0.00387859	0.0320593	
0.0937335	0.00160514	4.32229e-05	0.0101625	0.318709	0.0461773	0.0772853	0.0094151	0.0666253	0.043555	0.0306243	0.0122945	0.0547511	0.000213693	8.81661e-05	0.10231	0.019731	0.0561869	0.035284	0.0212044	
0.0858007	0.006791	2.94072e-05	0.000330157	0.111674	0.173736	0.000188476	0.0441729	0.0020745	0.116508	0.0452577	0.00397364	0.00558825	0.0257011	0.000101201	0.0776874	0.161432	0.105008	0.0311585	0.00278603	
0.0532507	0.0214477	0.000260611	0.00105184	0.0917314	0.0850389	0.0795136	0.144894	0.121096	0.0951069	0.040772	0.00149153	0.0157099	0.00788834	8.18556e-10	0.113735	0.0787283	0.0371413	0.000102323	0.0110398	
0.00185448	0.0179518	0.0948554	0.0096255	0.169566	0.0372745	0.192208	0.0106481	0.042226	0.0169959	0.12819	0.000170536	0.0106981	0.00134026	0.00308157	0.0837282	0.00788188	0.126003	0.0384104	0.00728945	
0.068836	0.0239251	2.71223e-09	5.95034e-06	0.106658	0.0115632	0.046438	0.0829915	0.0840173	0.131147	0.0910251	0.0025059	0.0586407	0.000420979	0.0547065	0.0468112	0.127237	0.0281137	0.0163212	0.0186347	
0.103121	0.00376937	0.00456114	0.0231106	0.143367	0.0111801	0.00168685	0.0486138	0.000920476	0.0897001	0.0275739	0.026204	0.00642032	0.0340441	0.126017	0.247367	0.00289179	0.0804435	0.00650574	0.0125016	
0.0274045	0.0190884	1.12427e-05	0.00266858	0.0974036	0.0474293	0.0742476	0.107021	0.0596454	0.0804795	0.0124039	1.00055e-05	0.00431067	0.00110048	0.0777161	0.0261973	0.16066	0.00190264	0.0489801	0.15132	
0.0632337	0.0192126	0.000300958	0.00258079	0.239386	0.00266155	0.0750503	0.062274	0.0205278	0.0124951	0.0078968	0.00154817	0.0467312	0.0221826	0.0143748	0.111463	0.049893	0.150208	0.0806121	0.0173678	
0.0247781	0.13486	0.00297249	0.0028463	0.241855	0.0189015	2.77459e-05	0.0257139	0.0801254	0.107845	0.000449763	0.0101971	0.0546268	3.31878e-07	0.0107693	0.166515	0.0235773	0.0797635	0.00321914	0.0109563	
0.0790638	0.0103361	3.36791e-09	1.95734e-05	0.0982865	0.0747774	0.000827871	0.13168	0.00484949	0.161209	0.156899	0.00311503	0.0646251	0.0116631	1.2358e-06	0.0565565	0.0716505	0.047105	0.00458651	0.0227483	
0.0373202	0.00066106	0.0191286	0.000458086	0.23321	0.137765	0.00355476	0.00544282	0.062165	0.0320665	0.0822884	0.0131373	0.0024794	0.0918238	0.00543513	0.127311	0.0791438	0.0535792	0.00271352	0.0103156	
0.0665498	0.000737805	0.00367076	0.0322974	0.22487	0.0114184	0.0347146	0.0414294	0.0557079	0.0149442	0.0649853	0.00011158	0.0172809	0.0731785	0.00922513	0.0550249	0.212823	0.0386899	0.0273847	0.014956	
0.0921161	0.00585193	0.00153329	3.22514e-06	0.0766329	0.0155238	0.0335839	0.0455424	0.078341	0.181036	0.0864695	0.0165631	0.00182145	0.0135148	0.0148233	0.0918857	0.14592	0.0894084	0.00760271	0.00182564	
0.0492074	0.0321948	0.0209256	0.000872547	0.121412	0.0626558	0.0121827	0.0565273	0.0155719	0.101939	0.0580432	7.6001e-05	0.0267208	0.0277865	0.0017817	0.128731	0.0222956	0.239697	0.0054086	0.0159697	
0.0416715	0.00885657	0.000406848	0.0011079	0.140909	0.0411184	0.0137584	0.0323945	0.0145571	0.0784395	0.015093	2.34634e-05	0.00546571	0.000640004	0.00317631	0.107063	0.0537609	0.0312386	0.207291	0.203028	
0.0171012	0.0221234	3.7267e-05	0.00642531	0.10779	0.0270344	0.0535722	0.0254125	0.0864691	0.204537	0.00802992	0.0152472	0.0123258	0.0122065	0.000581623	0.0427401	0.192956	0.0459683	0.0227631	0.0966792	
0.100052	0.00300371	0.0113552	0.0113687	0.0526518	0.00685595	0.104875	0.0129637	0.151022	0.0166697	0.0489571	0.0307026	0.0011647	0.00323845	5.02772e-10	0.224048	0.0390228	0.114636	0.0472393	0.0201729	
0.0323131	0.0542397	0.000288342	0.000104907	0.155774	0.0526173	0.023095	0.0293286	0.11284	0.211615	0.0197766	6.72933e-16	0.0443686	0.00260258	0.00145861	0.0665773	0.125358	0.0279001	1.79182e-05	0.0397244	
0.156474	0.00369007	0.00258343	0.00242982	0.250252	0.0528427	0.000145094	0.0293218	0.0152473	0.0546659	0.185825	0.0113522	0.0057932	0.00201147	0.000192392	0.122111	0.0511307	0.0152593	0.00449408	0.0341789	
0.0679199	0.0440165	0.0208112	1.79709e-08	0.0971672	0.0504609	0.0641248	0.257195	3.70956e-06	0.0364257	0.00447363	0.0342757	0.00251311	0.00136051	0.0745465	0.116582	0.0131365	0.0813658	0.00488032	0.0287411	
0.0354235	0.0287191	0.000511652	0.0045385	0.195405	0.0599623	0.0380838	0.185953	0.0371083	0.110902	0.0251803	0.000274043	4.19162e-06	0.00738464	0.00177413	0.183747	0.00456995	0.00847864	0.0114726	0.0605066	
0.0571559	0.0381717	0.00169697	5.15171e-13	0.164893	0.033442	0.0183996	0.0290683	0.00484401	0.0246725	0.00468321	0.000468608	0.00021515	0.0501737	0.00432407	0.402518	0.0232543	0.0492254	0.0236081	0.0691858	
0.0624937	0.000239232	5.69293e-06	0.000136126	0.098061	0.0651114	0.00399937	0.0377298	0.00312193	0.1104	0.14805	2.96041e-07	0.0190218	0.0388991	6.0911e-05	0.252265	0.0908952	0.000303367	0.0681592	0.00104657	
0.0525122	0.00024246	1.63135e-05	2.58679e-09	0.133736	0.0636659	0.0181191	0.13679	0.018639	0.122802	0.0410318	0.0600842	0.00469283	0.0165386	0.0550075	0.109027	0.0476492	0.0378217	0.0778733	0.00375151	
0.0805382	0.000766332	0.00732724	0.00452862	0.289809	0.00643371	0.0152843	0.0412188	0.0156111	0.0480553	0.0586312	3.80893e-05	0.0838156	5.51609e-05	0.042822	0.00801977	0.0658232	0.136192	0.000303174	0.0947277	
0.0691417	0.18568	0.00323248	0.00126188	0.186166	0.107149	0.0256164	0.0185185	2.66824e-06	0.047858	0.0018823	0.00210666	0.0438376	0.0113441	0.0028062	0.138176	0.0282023	0.0370862	0.00590696	0.0840243	
0.046847	0.0124128	0.000344127	1.05912e-07	0.228199	0.0616549	0.00508843	0.272367	0.00059479	0.0909547	0.00785451	0.0116496	0.00413492	0.0942526	0.000481993	0.0438267	0.0307706	0.0316515	0.0547217	0.00219254	
0.0244146	0.0185988	0.0768851	0.00256484	0.243413	0.159411	0.0624227	0.0575382	0.0167039	0.0474245	0.0207368	0.000893504	0.0422366	0.00706841	0.0177156	0.0384982	0.0780573	0.0124116	0.00396086	0.069045	
0.00901648	0.00352528	6.84944e-07	0.00120109	0.0639715	0.0457354	0.0228559	0.0740781	0.120287	0.0980758	0.143073	0.00588917	0.0306908	0.0615525	2.21948e-06	0.162559	0.0770868	0.0578174	0.0137523	0.00882892	
0.0471903	0.0182745	0.0979411	0.000222105	0.0483287	0.0391094	0.00568687	0.218397	0.0290354	0.0834109	0.014499	1.58601e-11	0.0180369	0.00691722	5.60766e-06	0.0717164	0.105284	0.0479263	0.146435	0.00158264	
0.0470873	0.014891	0.00337841	1.45765e-05	0.105053	0.0869714	0.00777888	0.00332983	0.0732291	0.171121	0.00189863	0.0217671	0.0422461	0.000248831	6.16612e-08	0.0923557	0.199547	0.0336897	0.0162019	0.0791912	
0.105341	0.0152926	0.00881916	0.00708025	0.210746	0.152968	0.00822742	0.00518628	0.00352424	0.112541	0.0218217	0.0234925	0.00208768	0.000244471	0.00245262	0.116407	0.00615527	0.035166	0.0680518	0.0943959	
0.142032	0.0166927	4.54341e-06	2.62564e-05	0.0277177	0.0476668	0.00809908	0.0435002	0.0787301	0.103271	0.038647	2.42965e-05	0.00473895	0.0212557	0.00213097	0.294282	0.135126	0.0144132	0.0179928	0.00364849	
0.121489	0.00504721	0.0204765	7.95014e-05	0.311241	0.0444877	0.00241534	0.045288	0.00173166	0.0735442	0.0908921	0.0385328	3.34139e-05	7.82367e-05	0.00135446	0.0875923	0.0934429	0.0449554	8.19561e-05	0.0172362	
0.138559	0.0763071	0.0047592	1.95266e-15	0.0533555	0.00953221	0.0236775	0.179274	7.67568e-05	0.0434779	0.0193618	0.0125634	0.0100215	0.00283486	3.86124e-08	0.196285	0.104147	0.0937473	0.0110001	0.02102	
0.0556294	0.0130685	5.6969e-06	4.71025e-05	0.112592	0.0573953	0.0252911	0.13973	0.00219873	0.0385944	0.051826	0.00680622	0.0111284	0.0133713	0.000698855	0.0518574	0.0801335	0.0671931	0.249495	0.0229383	
0.0744743	0.0185335	0.00268557	0.000536894	0.237674	0.0188714	0.0111617	0.0579388	0.0622151	0.194824	0.00886025	0.00179809	0.00111064	0.00577356	5.21204e-08	0.0912045	0.118934	0.0537748	0.0114914	0.0281377	
