CATGTRSBDP
1	-1	5225
1
1.8
0	0
0	0
../../../fasta_sequences/alignments/ctenos_all_proteins_noguidance/all_proteins_ctenos_monoallo_noguidance.phy
4
0
Universal

0
0
0
None
0
10	0
0
(((MG655624_CTEN_Bero_fors:0.00425088454889806,MG655623_CTEN_Bero_fors:0.00160361985457272):0.000446574603649421,MG655622_CTEN_Bero_fors:0.0033626639876517):0.410527324922435,(((LN898113_CTEN_Coel_loya:0.0446403189286929,LN898114_CTEN_Coel_yuli:0.0160932930492547):0.363205283510087,LN898115_CTEN_Vall_mult:0.455402936834496):0.212042073448809,(NC001715_FUNG_Allo_macr:0.51058303341857,AF538053_CHOA_Mono_brev:0.331973031406417):2.83123449874894):0.609952340235218,(NC016117_CTEN_Mnem_leid:0.301292427315451,JN392469_CTEN_Pleu_bach:0.557790170101618):0.0950974258201124);
(((MG655624_CTEN_Bero_fors:0.00425088454889806,MG655623_CTEN_Bero_fors:0.00160361985457272):0.000446574603649421,MG655622_CTEN_Bero_fors:0.0033626639876517):0.410527324922435,(((LN898113_CTEN_Coel_loya:0.0446403189286929,LN898114_CTEN_Coel_yuli:0.0160932930492547):0.363205283510087,LN898115_CTEN_Vall_mult:0.455402936834496):0.212042073448809,(NC001715_FUNG_Allo_macr:0.51058303341857,AF538053_CHOA_Mono_brev:0.331973031406417):2.83123449874894):0.609952340235218,(NC016117_CTEN_Mnem_leid:0.301292427315451,JN392469_CTEN_Pleu_bach:0.557790170101618):0.0950974258201124);
1
2.68301
0.94475
4234
2.89353
1.4635	0.767328	0.504467	0.369992	3.86545	0.80382	0.277111	3.18018	0.289499	4.66841	0.845427	1.47587	0.839672	0.662259	0.216403	3.16355	1.46177	2.0715	0.639782	1.75264	

3.24672	0.463079	0.0330742	0.131448	3.73349	0.898901	0.114866	0.526941	0.263868	0.255144	0.0726915	0.893989	0.250803	0.172151	4.18685	2.98425	2.25945	0.106892	0.173652	0.152383	2.03478	0.362864	0.675492	0.370792	0.706806	0.369676	1.37713	2.80427	4.3458	0.0672834	0.438102	2.75662	3.09608	1.4119	2.00405	1.18392	0.210037	11.2428	0.0733395	0.094923	0.648549	0.298692	0.127916	0.0205956	0.307989	3.3634	0.7638	1.24129	1.38004	2.38792	0.572137	0.386904	0.12681	0.0840078	0.174387	0.338912	3.1113	0.220498	1.50495	0.211412	0.129897	1.53925	0.218776	2.2167	0.1269	0.878359	0.441461	0.0187808	0.530958	0.600428	0.0592223	0.200417	2.23382	0.841144	2.38562	0.45022	0.556473	0.196748	0.0222453	0.123282	0.329662	0.324499	0.410969	1.98012	5.95259	0.549449	0.279169	0.50736	0.275228	0.00685332	0.774385	0.23152	1.13597	0.25773	1.88545	0.350395	0.0428819	0.768573	0.123335	0.0336886	0.64079	0.550834	0.54132	1.82135	0.389309	1.6813	1.07849	1.37485	0.129147	0.436403	0.759545	1.44721	0.478152	5.19467	5.8894	1.09896	0.018575	1.22718	0.78119	0.370962	2.66405	15.846	0.190445	0.110837	0.885743	1.86122	2.163	0.460142	3.12176	3.50954	1.83204	1.54727	0.323301	0.173342	0.776672	5.19992	0.276817	0.234296	0.795437	0.184099	0.511008	0.388976	1.2583	0.505784	0.675175	0.858724	0.0315016	2.44203	0.782471	0.306225	0.563817	0.0204863	0.674066	0.692097	0.535775	1.09339	0.474002	4.67946	0.839644	0.220028	0.459682	1.02614	0.0039083	0.189984	0.592998	1.52789	0.320107	0.276968	0.344148	0.493669	1.84568	0.222808	1.36692	0.111027	0.507568	1.31802	0.853098	0.709459	0.545454	0.624327	5.11801	1.15178	2.40219	1.00051	3.54336	0.0730399	0.659738	0.13528	0.834758	1.78466	

0.00344344	0.0195498	0.0095084	9.64153e-05	0.181935	0.0565524	0.0670012	0.0111133	0.0104409	0.128178	0.00550642	0.055178	0.00839258	0.000135208	0.00188144	0.145161	0.115674	0.0242083	0.0559134	0.10013	
0.0313764	0.0119761	0.00547642	0.0034066	0.204143	0.0325967	0.00709757	0.219006	0.000798552	0.232608	0.0197932	0.0134642	0.00358136	9.20836e-05	4.8854e-06	0.0432137	0.0308736	0.0877188	0.00913284	0.0436394	
0.227592	0.0534643	0.00804947	0.0075313	0.122424	0.00155444	0.00122084	0.106095	1.16457e-06	0.150565	0.00800571	0.0118397	0.0050128	0.0153866	0.0026897	0.0331404	0.0953021	0.0563234	0.00140575	0.0923962	
0.0276109	0.00255202	0.0355104	0.0425218	0.145551	0.02968	0.022523	0.0583876	0.0622587	0.108162	0.0130427	0.103703	0.0252714	0.0267538	0.0414277	0.0942757	0.0389863	0.0374993	0.01022	0.0740632	
0.0911771	0.00869514	0.00296176	0.0025166	0.210247	0.0287417	0.000628442	0.174117	0.0115656	0.09187	0.0454668	0.00365983	0.0103404	0.000456987	0.00431718	0.148323	0.0294235	0.0657355	0.00187084	0.0678859	
0.0652634	0.0263726	0.00118691	0.018417	0.109238	0.00649397	0.0292611	0.155445	0.00236565	0.231377	0.00327849	0.0431399	0.0654333	0.0359564	0.00853883	0.0355154	0.0332551	0.0435485	0.0521649	0.0337483	
0.104876	0.021612	0.00234534	0.000256726	0.263405	0.134073	7.63679e-05	0.0895399	1.24939e-06	0.10285	0.0322444	0.0313421	0.0237232	0.00108382	0.00117571	0.113306	0.0190953	0.0186258	0.0071671	0.0332021	
0.0969898	0.0260981	0.00128044	0.000105389	0.167581	0.0120456	0.000143983	0.0466011	0.000780546	0.170461	0.0836396	0.0491372	0.00268092	0.00604751	7.82372e-05	0.135172	0.0651799	0.0914272	0.0328695	0.0116812	
0.0260979	0.0452793	0.023326	7.35775e-06	0.194753	0.0581941	0.0933574	0.0714761	0.000185804	0.138447	0.0175148	0.0230835	0.0667078	0.0405619	0.000110127	0.0472825	0.0123213	0.0533801	0.0138411	0.0740734	
0.0460786	0.074314	0.0402716	0.000540578	0.221081	0.0333971	5.8296e-05	0.0729605	8.3094e-05	0.211353	0.000579809	0.0173699	0.0221826	0.0207936	0.0178405	0.0284075	0.0330945	0.0841724	0.00629944	0.0691222	
0.100923	0.110492	0.00193901	0.0139052	0.241541	0.00385648	3.31018e-05	0.038995	1.09715e-06	0.165676	0.00476439	0.055008	0.00878039	0.0364354	0.00037163	0.096585	0.0372546	0.0271326	0.0191508	0.0371558	
0.144416	0.0261957	0.0041905	0.0180313	0.105828	0.0136295	0.000284384	0.0704958	2.27448e-06	0.186298	0.088315	0.00338974	0.00462167	0.000805651	0.000329026	0.0822062	0.00944078	0.17685	0.0158351	0.0488348	
0.0531922	0.00332316	0.00114003	0.004453	0.146564	0.0039351	0.00156608	0.135613	0.0158887	0.190625	0.128808	0.0154428	0.00539176	0.012569	0.000733596	0.128975	0.0634763	0.0348631	0.0427108	0.0107292	
0.0471636	0.0161514	0.0154252	1.03552e-05	0.163205	0.0797747	0.000101138	0.189057	0.00997063	0.0750334	0.0205074	0.012126	0.0849668	0.0231735	0.00155088	0.0225628	0.0165929	0.0508152	0.0248758	0.146936	
0.0336125	0.0109118	0.0912381	0.0194423	0.121988	0.0578563	0.0155279	0.103941	0.0218079	0.0554446	0.00740057	0.0337299	0.0736372	0.00170917	0.000347376	0.157777	0.0243484	0.112163	0.00205633	0.05506	
0.00549092	0.000673576	0.011182	0.00507581	0.0519186	0.020815	0.00401182	0.0102779	0.0130039	0.215894	0.076101	0.0734168	0.0997947	0.0134142	4.91917e-05	0.228669	0.0461972	0.0821103	0.0193315	0.0225732	
0.0659355	0.0175637	0.0061015	0.164582	0.123043	0.0820069	0.000950885	0.0341229	0.000286243	0.153533	0.00563493	0.0161681	0.0542074	0.0461131	0.000559186	0.0520531	0.0227484	0.0896398	0.0217447	0.0430061	
0.0615566	0.0279902	0.0362198	0.00245517	0.147521	0.000231831	0.00842116	0.193577	0.0153191	0.0840605	0.0458012	0.0308771	0.0109415	0.0135577	0.000318163	0.0656127	0.101463	0.0707095	0.0475418	0.0358244	
0.016938	0.00331561	7.33978e-05	0.000846253	0.0567777	0.0588644	0.00721351	0.0672597	0.00728257	0.240789	0.0037011	0.0126508	0.0581199	0.00180547	1.18495e-06	0.176738	0.0807858	0.0360554	0.0815674	0.0892144	
0.0804794	0.00410529	0.00418572	0.00605	0.145339	0.0018326	0.000803627	0.0318776	0.000543843	0.275352	0.0016088	0.00079147	0.0323754	0.041051	0.0163511	0.0235781	0.123026	0.0643369	0.0147812	0.131531	
0.0181749	0.00168158	0.0594611	0.00628701	0.267543	0.0554509	0.00323523	0.0553662	4.88376e-08	0.0822152	0.00568406	0.0424891	0.0185191	0.0644207	0.000162183	0.0699113	0.0093832	0.14978	0.000786405	0.0894483	
0.0409182	0.0356198	0.0221555	0.0397158	0.171502	0.0171248	0.0055791	0.0618913	0.00266304	0.112853	0.0138045	0.0942765	0.00694849	0.0559682	0.047063	0.181222	0.0103326	0.0428981	0.000228351	0.0372363	
0.0360473	0.00156379	0.00484541	0.00443362	0.115023	0.00430501	3.10655e-06	0.0802415	0.011915	0.231688	0.035295	0.059629	0.00149889	0.00773157	0.000130232	0.172258	0.101659	0.0408508	0.00722463	0.0836575	
0.00281625	0.0323243	0.0234446	0.00216701	0.06895	0.00366829	0.0332391	0.217465	0.0269195	0.32079	0.000101664	0.0217927	0.00167873	0.000103686	3.49516e-06	0.0612932	0.0580581	0.0631578	0.000879519	0.0611471	
0.0182457	0.00821165	0.00817167	0.00364645	0.20314	0.015383	0.0160941	0.143841	5.25488e-05	0.123697	0.0862361	0.0458523	0.00730218	0.0281895	2.48863e-09	0.0719149	0.114532	0.0464687	0.00229547	0.0567252	
0.0470691	0.0408477	0.00159172	0.00761	0.160785	0.015122	0.00761885	0.0801167	0.0193778	0.232633	0.0934809	0.0189076	0.0305292	0.0222084	0.0038068	0.0298888	0.0122492	0.0614229	0.00443512	0.110299	
0.146942	0.0319477	0.00186733	0.00375864	0.124072	0.0612945	0.000545138	0.168859	0.000203787	0.0488793	0.00167811	0.0225357	0.000360743	0.00886196	0.0157889	0.169203	0.0719791	0.0795437	0.000513726	0.0411648	
0.0534067	0.00370794	0.0148862	0.000247233	0.159516	0.0600065	6.7196e-08	0.0926557	0.0117349	0.0456433	0.0370916	0.108607	0.00940666	0.00219784	0.000817274	0.142105	0.0887952	0.0654051	0.0607011	0.043069	
0.00331996	0.0332753	0.00451021	0.0148105	0.081319	0.012494	0.0117065	0.142224	0.02427	0.285778	0.0116709	0.0632752	0.00221532	0.0261979	0.000355714	0.00971469	0.100166	0.0577942	0.0971455	0.0177567	
0.0815784	0.00284806	0.000938991	0.000610405	0.163208	0.00199711	2.31091e-06	0.0969444	0.00468155	0.121515	0.00581549	0.160777	0.000698229	0.0214266	0.00491237	0.0624853	0.1243	0.0252794	0.00315746	0.116824	
0.12235	0.0167274	0.0230857	0.0473728	0.146806	0.0201967	0.0168859	0.0243324	5.64719e-05	0.162992	0.016609	0.0465773	0.024693	0.0189941	3.48928e-06	0.118145	0.0194493	0.0271304	0.0115147	0.136079	
0.0299187	0.0233316	0.0369997	0.00685313	0.116402	0.0415722	1.54025e-06	0.0160689	2.64145e-08	0.128654	0.0208427	0.108853	0.00195171	0.00297708	9.43391e-08	0.114907	0.108654	0.0674885	0.107643	0.0668809	
0.0478596	0.0350699	0.0250216	0.00976076	0.0783765	0.0251447	0.0503927	0.0796605	6.09895e-05	0.186299	0.00887266	0.047225	0.0133939	0.00592534	0.0305454	0.155952	0.0624886	0.0492271	0.0509038	0.0378199	
0.00106852	0.00333241	0.00418105	4.81167e-05	0.190781	0.0553637	0.000808112	0.145705	0.00117133	0.134066	0.0601414	0.000230802	0.104992	0.00401084	0.000741867	0.0558515	0.0964317	0.0451088	0.010417	0.0855491	
0.023915	0.111855	0.00205881	0.0135856	0.120614	0.0124826	0.00324598	0.0603562	0.00133481	0.136042	0.012782	0.0138243	0.00121496	0.0101585	0.0058064	0.147085	0.0741168	0.176215	0.00109558	0.072211	
0.00476819	0.0275436	0.00617697	0.0471053	0.132496	0.00751444	0.0252772	0.0759842	3.54374e-05	0.22916	0.0611106	0.0731229	0.00702223	0.0337173	0.0306585	0.102698	0.048544	0.0176326	0.0163101	0.0531224	
0.0630927	0.0187593	0.0176342	0.00216082	0.169084	0.000196477	6.91544e-05	0.0629583	0.0188314	0.176183	0.0238079	0.0403039	0.0257774	0.0327455	0.00361887	0.142233	0.0173047	0.0830343	0.0215766	0.0806284	
0.0298007	0.0128783	1.11631e-05	0.000163971	0.0871595	0.0152375	0.0337864	0.179583	0.00831568	0.144645	0.0862406	0.0923278	0.0347972	0.013476	0.00203228	0.145	0.0142088	0.0384357	0.00336506	0.0585357	
0.0139516	0.00415793	0.0193808	0.0258973	0.166992	0.00294193	0.00222791	0.0599168	0.0391378	0.132216	0.0271018	0.0305816	0.00284682	0.00197903	0.0346642	0.163444	0.071664	0.100339	0.02355	0.0770094	
0.0115696	0.0239793	0.0603079	0.0125178	0.121379	0.0234737	0.00197774	0.25167	9.87813e-09	0.164695	0.00636397	0.0510408	0.0247858	0.00596582	0.00146621	0.0630566	0.100739	0.0101849	0.00350752	0.0613195	
0.0447576	0.0381256	0.00846577	0.0179703	0.126031	0.0247188	0.00289948	0.0823503	0.0164842	0.181547	0.0365655	0.0440221	0.0132567	0.0299365	4.61766e-06	0.179953	0.0206277	0.00639708	0.0178811	0.108005	
0.0665521	0.0162169	0.0286254	0.00648599	0.320453	0.0216437	0.0169627	0.0905219	0.00564561	0.106382	0.00932927	0.0387316	0.0247898	0.00558137	2.44981e-06	0.0461915	0.0532568	0.094164	0.0217506	0.0267137	
0.0390801	0.0248321	0.00584483	0.000111407	0.108294	0.0487248	0.000466651	0.105759	9.11771e-05	0.107309	0.0117791	0.0675003	0.10325	0.076755	1.42346e-07	0.063596	0.0407484	0.0903938	0.0241333	0.0813302	
0.0160768	0.027029	0.0157991	0.0487184	0.361836	0.0392502	0.0347167	0.0410759	1.58348e-05	0.0440828	0.0673205	0.120511	0.00088814	0.0338307	9.46389e-06	0.065171	0.0304845	0.0306204	0.0108699	0.0116934	
0.00637962	0.0216652	0.0121802	0.00902889	0.320411	0.0637267	2.11876e-06	0.119049	0.00450075	0.132837	0.00417498	0.0260661	0.00642877	0.013414	0.00274089	0.0374774	0.00594044	0.0522878	0.0838973	0.0777926	
0.0515328	0.0164665	0.00739037	0.00254877	0.114214	0.018617	0.00231327	0.0977577	0.0373862	0.115785	0.00600765	0.0820005	0.0173786	0.000559132	0.0535029	0.13894	0.0732179	0.113971	0.00274258	0.0476691	
0.0192161	5.04062e-06	0.0155573	0.000112094	0.145921	0.118243	6.41873e-05	0.27674	0.000647857	0.153396	0.0118672	0.0111556	0.0168571	0.0165992	5.49924e-06	0.102981	0.0117912	0.0706759	0.00455933	0.023605	
0.0340199	0.0196115	0.00574855	0.000322976	0.112402	0.00398865	0.00336903	0.121434	0.010771	0.129274	0.020924	0.111459	0.0414953	0.0341259	0.0287039	0.155574	0.0473686	0.0715854	0.00972349	0.0380984	
0.0205543	0.0512235	0.000314596	0.00450057	0.143459	0.0181556	0.00547558	0.120725	0.000717143	0.166594	0.000574194	0.0230082	0.0175752	0.0360504	3.24132e-06	0.143447	0.0217475	0.181535	0.0258496	0.0184897	
0.0216919	0.00115384	0.00187587	0.00197642	0.0557513	0.0449054	0.0178202	0.22019	0.00467706	0.0498775	0.0191793	0.131063	0.000526515	0.0386928	0.00216756	0.190304	0.0342941	0.0827178	0.0261969	0.0549382	
0.0101169	0.000726073	0.000339231	0.00637738	0.14901	0.0154454	0.0046007	0.188722	0.000181374	0.154521	0.0232142	0.0405822	0.0399666	0.00909146	3.62971e-06	0.0865087	0.123922	0.0388967	0.00132688	0.106448	
0.0603881	0.000371674	0.00807642	0.00590297	0.214875	0.0847115	0.0250437	0.17427	0.0120993	0.0495337	0.0530956	0.0557251	0.0247079	3.77926e-05	0.0033947	0.00306921	0.103777	0.0257874	0.000763665	0.0943693	
0.0297264	0.0260812	0.06497	0.000957211	0.133526	0.0823032	0.000701426	0.0164822	0.00179432	0.0637676	0.0368626	0.0508231	0.0585092	0.000327326	5.62652e-05	0.110625	0.0144062	0.0755414	0.0146788	0.217861	
0.113276	0.0131083	0.00239508	0.00088296	0.225106	0.000812778	0.00459719	0.115634	0.000331837	0.104004	0.0056053	0.0254791	0.0097642	2.04358e-06	4.15026e-07	0.0587327	0.141415	0.126715	0.00264106	0.0494973	
0.0185304	0.00297128	0.00845263	0.00339983	0.189088	0.0211113	0.00211369	0.264325	0.000737844	0.13383	0.00378818	0.00988136	0.00252683	9.37395e-05	0.00615631	0.0760197	0.150856	0.0338166	0.00969062	0.062611	
0.00815947	0.00309351	0.0139102	0.0357861	0.0722784	0.0475715	1.52491e-06	0.175162	0.000492697	0.0455627	0.0683147	0.0815433	0.00998045	0.0164997	0.0090613	0.299758	0.0348498	0.0419259	0.0111174	0.0249316	
0.110106	0.0193204	0.0143816	0.065607	0.287143	0.00717985	0.000195492	0.0914887	0.000268811	0.180592	0.0268099	0.0130198	0.00965318	0.02866	0.00101807	0.0625292	0.0175263	0.010991	0.0212921	0.0322175	
0.022893	0.0891729	0.0530299	0.000290542	0.058555	0.118089	0.0234235	0.0862413	0.00120437	0.18063	0.0049091	0.0675165	0.0127926	0.00867217	8.91022e-09	0.0688665	0.0962092	0.0582289	0.00100982	0.0482661	
0.0771039	0.0526878	0.00612701	0.00856422	0.0857912	0.0355819	0.0143505	0.0420317	2.82721e-07	0.0837811	0.0108887	0.12872	0.0217697	0.0137525	0.0026889	0.0877005	0.0406265	0.178416	0.00678792	0.102629	
0.0333814	0.00568795	0.00396667	0.00258828	0.160718	0.0136217	0.0142398	0.169831	1.25343e-06	0.236301	0.0119624	0.0249783	0.0685396	0.034943	0.000208547	0.0479599	0.14758	0.00802896	0.00106324	0.0143986	
0.10033	0.00261827	0.0071376	0.0139365	0.192822	0.049619	0.0093394	0.140577	0.0425524	0.0824558	0.00474298	0.0317022	0.00591643	0.0188387	2.30374e-08	0.148652	0.0816451	0.0424821	0.00279501	0.0218382	
0.0324799	0.00970274	0.0169849	0.00173761	0.216937	0.00772973	0.000230314	0.124689	0.00724365	0.169136	0.00284409	0.0394907	0.00688291	0.0267629	0.00163235	0.0514665	0.0723724	0.135361	0.00192539	0.0743908	
0.0132572	0.0148454	0.007436	0.000121198	0.124328	0.119858	0.0517982	0.206423	0.0133501	0.156935	0.0156432	0.0195705	0.0202959	0.0132992	0.000445635	0.0458212	0.0533156	0.0293969	0.000822842	0.0930371	
0.0928257	0.072776	0.00465348	0.000355742	0.0832049	0.00358838	0.0951071	0.0477758	0.000631535	0.218022	0.0265028	0.0298274	0.0055727	0.0786705	0.000269364	0.166374	0.0414089	0.00908397	0.00108175	0.0222682	
0.118505	0.00132352	0.00234997	0.00102967	0.0715582	0.018337	0.000349406	0.0764289	0.00901935	0.177433	0.0169911	0.0224366	0.0675361	0.0674369	0.0249733	0.0454987	0.0639155	0.106432	0.00787035	0.100576	
0.0278881	0.00683529	0.0139602	0.0553333	0.0587926	0.0110738	7.55077e-05	0.0265648	0.0204563	0.1525	0.00170936	0.0137348	0.0487801	0.136565	0.000466488	0.0887147	0.000596709	0.262929	0.0434095	0.0296141	
0.0782952	0.00201467	0.0121791	1.89893e-05	0.19166	0.0461256	0.0067289	0.0547508	0.0480437	0.15055	0.0348974	0.0244915	0.0607652	0.000426984	0.0270616	0.151841	0.00947201	0.067937	0.00184042	0.0308992	
0.0268245	0.0307673	0.000149923	0.0178662	0.191054	0.0030862	0.0384611	0.113386	0.0222803	0.114918	0.0197786	0.038645	0.00661832	0.0666343	2.14812e-05	0.0790634	0.118885	0.0515862	0.0140852	0.0458895	
0.0685574	0.0123626	0.000593074	0.00529904	0.0166035	0.0264944	0.0708172	0.136863	1.68358e-05	0.114478	0.0859065	0.076919	0.0116454	0.0172399	2.752e-05	0.125389	0.00209991	0.0765936	0.0300461	0.122048	
0.144482	0.00568254	0.0011226	2.09649e-07	0.0908483	0.0231414	0.00526036	0.0537562	0.0104776	0.124024	9.91009e-05	0.0262863	0.00584829	0.0124726	0.0320749	0.158059	0.0537707	0.0598503	0.149121	0.0436224	
0.194862	0.0221465	0.0204089	0.0231614	0.189753	0.0132795	1.45431e-07	0.0266443	0.00053347	0.256757	0.00129379	0.0336247	0.00650154	0.00255329	0.000154548	0.0716074	0.0142293	0.0607791	0.0080513	0.0536595	
0.0581759	0.036137	0.000112733	0.00505817	0.113885	0.0174752	0.00148491	0.113464	0.00646116	0.186771	0.0711684	0.0964722	0.0518342	0.00475122	0.000267041	0.0382756	0.0433074	0.0376799	0.085796	0.0314233	
0.0146535	0.0377222	0.00814859	0.00113317	0.149984	0.00181266	4.5887e-06	0.0762088	1.90082e-05	0.174971	0.0316849	0.0458255	0.00585698	0.0267382	3.53361e-07	0.19398	0.0449648	0.0817299	0.0268867	0.0776749	
0.00257847	0.000143538	0.0443626	0.102548	0.064494	0.0237184	0.00563949	0.100014	0.0491715	0.264781	0.00429935	0.00618229	0.024591	0.0103861	0.00885366	0.0919947	0.101372	0.010655	0.0264116	0.0578032	
0.0820806	0.0654128	0.00731576	0.015187	0.222742	0.0217636	0.00386847	0.0288934	0.0162822	0.188111	0.0492735	0.00311914	0.000404267	0.0184024	0.00434004	0.084917	0.0500678	0.0635929	0.00639717	0.0678297	
0.0162231	0.0409725	0.000430774	0.0347605	0.123262	0.0247625	2.57942e-06	0.0505276	0.018502	0.241998	0.00630142	0.0290287	0.00610169	0.0321641	0.00644625	0.166179	0.0399337	0.0949725	0.0133951	0.0540363	
0.0796834	0.0724586	0.0125636	0.000218093	0.203075	0.0336891	7.97328e-06	0.119676	0.000620805	0.154723	0.0256245	0.0336381	0.00139531	0.000130183	0.00208415	0.064981	0.0589777	0.0714036	0.00771217	0.0573368	
0.0785781	0.0171096	0.0027841	0.011011	0.246488	0.0255621	0.0111977	0.116389	0.0476136	0.0935483	0.0130737	0.0795539	0.0292065	0.00242214	0.0192596	0.073436	0.0286032	0.0432529	0.0293355	0.0315754	
0.120144	0.0319087	0.0054609	0.00130359	0.0476469	0.104947	0.00105001	0.0655657	0.00777192	0.0880063	0.0300538	0.0668078	0.0198418	0.00753176	0.000935067	0.138378	0.120632	0.0654259	0.0180628	0.0585258	
0.131289	0.0121418	0.105596	0.0278824	0.205162	0.00891491	0.0109199	0.161656	0.000312729	0.0709032	0.0110923	0.0665094	0.0288205	0.0224171	0.0414952	0.0393199	0.00490574	0.0330793	0.0102323	0.00735012	
0.0277785	0.0500153	0.0559508	0.00201965	0.0906336	0.0442698	0.000709776	0.14074	0.00235504	0.188289	0.0066617	0.106367	0.0608309	0.0026058	0.005303	0.063913	0.0607984	0.0312	0.021589	0.0379707	
0.0462736	0.0446587	0.00966078	0.000484707	0.202259	0.107977	0.00659083	0.071757	0.000285402	0.149676	0.0150506	0.0695817	0.02743	0.000297154	1.58485e-06	0.0712052	0.0325211	0.07105	0.0016808	0.0715587	
0.0440262	0.00678985	0.00357041	0.00879765	0.11756	0.0133335	0.00577033	0.151806	4.07667e-08	0.295702	0.0333677	0.0472346	0.0157425	0.00292581	6.83927e-06	0.150757	0.0265214	0.0287125	0.00017498	0.0472012	
0.063844	0.0004556	0.00052958	0.00707466	0.0728423	0.0633975	0.000278256	0.110764	0.0418107	0.275863	0.0182261	0.040121	0.0134453	0.013895	0.00084053	0.089268	0.015773	0.136512	4.81556e-05	0.035011	
0.00720491	0.0108855	1.52793e-05	0.0274821	0.0802845	0.0316501	0.0205246	0.111079	0.00673786	0.162439	0.0809088	0.0533338	0.017802	0.0788215	2.2179e-05	0.20579	0.0179033	0.0797362	0.000196152	0.0071832	
0.00801866	0.0104763	0.0566347	0.0638401	0.121461	0.0377497	0.0251046	0.167803	1.41099e-05	0.0698351	0.0316574	0.0177213	0.00259639	0.0143691	0.0234544	0.0747084	0.0621844	0.152616	0.0200712	0.0396841	
0.0562001	0.0183514	0.00564076	0.00057883	0.154232	0.0178304	0.0076412	0.165573	3.58529e-05	0.202771	0.00317468	0.0474505	0.00642726	0.00240915	0.000802768	0.14425	0.0546924	0.06218	0.00669212	0.043067	
0.0663487	0.000812164	0.0687537	4.26714e-05	0.100994	0.00109592	0.000223149	0.0475765	0.00287453	0.117539	0.013249	0.0756746	0.0429617	0.0711643	9.79072e-07	0.208718	0.0392084	0.101521	0.00260896	0.0386336	
0.0692152	0.000867095	0.00559061	0.0152409	0.0529625	0.00895569	0.00758178	0.118652	3.01289e-05	0.175887	0.107171	0.00823356	0.0575106	0.0723773	0.000468853	0.126144	0.0355029	0.0338373	0.00710388	0.096668	
0.0312681	0.0289429	0.0110992	0.00311491	0.18362	0.00773617	0.0012927	0.11036	0.03583	0.154532	0.0348867	0.0308607	0.000755345	0.00437686	0.0187018	0.0676636	0.0628317	0.1331	0.0290731	0.0499538	
0.0520897	0.00927706	0.0183633	0.00296492	0.140141	0.0278815	0.00315531	0.11317	0.000462543	0.247537	0.0150828	0.00910901	0.0216682	0.0328194	0.00845898	0.102595	0.0571031	0.0493244	0.0396157	0.0491814	
0.0226943	0.00294319	0.0255838	0.0149928	0.196706	0.000921311	0.00362313	0.0615988	0.000259438	0.155393	0.000291141	0.0809803	0.0026291	0.0143052	0.0660997	0.0220023	0.0292865	0.240188	0.0242315	0.035271	
0.0669623	0.0593848	0.0189902	0.00162309	0.0822387	0.00289952	0.00022626	0.139678	6.48162e-08	0.203093	0.0134997	0.0189534	0.0439927	0.0201293	0.000675647	0.0958897	0.0603412	0.0833705	0.00839833	0.0796547	
0.0142914	0.0320075	0.0227033	0.000194254	0.0743175	0.0167322	2.72332e-05	0.0689845	0.00498819	0.116475	0.0227088	0.0858924	0.0241165	0.000757521	4.16836e-11	0.173389	0.160604	0.069469	0.0294722	0.082869	
0.0210952	0.0855115	0.0564082	1.55616e-07	0.156048	0.101958	0.0138509	0.0373992	0.00399823	0.16227	0.0168974	0.067181	0.00608773	0.0361096	0.00219682	0.0269551	0.0441413	0.0556807	0.0304926	0.0757183	
0.0269166	0.018	0.0729032	0.0195982	0.100287	0.0187003	0.0076202	0.0805119	0.0939066	0.153778	0.0355353	0.0234895	0.00469426	0.0892086	0.0234731	0.0369108	0.0826923	0.102636	0.00114511	0.00799341	
0.0863147	4.40734e-05	0.0162103	0.000461219	0.105475	0.0580214	0.00474093	0.0498334	0.00120536	0.145655	0.104732	0.0143471	0.00741156	2.643e-05	4.16176e-05	0.151921	0.0598997	0.15928	0.00166026	0.0327182	
0.0353526	0.00114485	0.0198389	0.0195969	0.109353	0.00271712	0.0016657	0.126272	1.50197e-05	0.254029	0.0423436	0.0417418	0.016456	0.0558938	0.000261923	0.0716355	0.0337201	0.120685	0.0174392	0.0298382	
0.0281961	0.0155971	0.000255466	0.0406755	0.10133	0.0223102	0.00212352	0.116213	1.11243e-11	0.0709853	0.0337139	0.0767392	0.105378	0.00714325	0.0173901	0.144275	0.0638714	0.104163	0.00452713	0.0451134	
0.120106	0.0440782	0.000400401	0.00151143	0.164402	0.0876938	0.000109134	0.10505	7.01045e-06	0.0812452	0.0937652	0.0555234	0.00216272	0.0179148	0.000139685	0.0607535	0.0398253	0.0807216	0.00681762	0.0377722	
0.0277627	0.0158458	5.37415e-05	0.000104386	0.185801	0.177489	0.000134543	0.0380114	0.00505435	0.0993449	0.0166249	0.0200695	0.0483804	0.0310476	0.0029922	0.0951763	0.0541342	0.0568489	0.00977393	0.115351	
0.0624781	0.0453816	0.0153013	0.00458924	0.170845	0.00122117	0.0144867	0.181086	8.53139e-06	0.199943	0.0725785	0.0422717	0.0240672	0.0258934	0.000861179	0.0621243	0.00324086	0.0279464	0.0069634	0.0387126	
0.012301	0.00152306	0.000894067	0.0110145	0.159878	0.0254172	5.19128e-06	0.256373	4.89112e-05	0.140171	0.0556558	0.00478543	0.0384531	0.0113797	0.00235427	0.0905946	0.0630377	0.117231	0.000130913	0.00875221	
0.0461604	0.0377271	0.0139508	0.0202183	0.127427	0.00663485	0.0381635	0.0944547	3.65617e-09	0.216647	0.0655154	0.0514053	0.00381157	0.00682711	0.00763216	0.0892695	0.0145987	0.0298859	0.0292003	0.100471	
0.0884625	0.0749214	0.000133352	0.00407559	0.136348	0.0906465	0.000499634	0.0412829	0.000319059	0.140652	0.0750012	0.0677053	0.0106977	0.00241437	0.00191545	0.0781568	0.0421729	0.0730726	0.0520438	0.0194792	
0.0966421	0.00400591	0.000243413	0.00487157	0.144822	0.0479105	0.0108399	0.139673	0.000208575	0.118487	0.0133297	0.0286054	0.00383837	0.0158439	0.000966586	0.0783359	0.114071	0.148611	0.00276433	0.0259297	
0.0328571	0.0547819	0.00997442	0.0431104	0.048837	0.0564808	0.00212176	0.0750478	0.000550678	0.258418	0.0432494	0.0398852	0.00117583	0.0661746	0.00159706	0.133082	0.0729773	0.037816	2.20304e-05	0.0218405	
0.0700245	0.00609262	0.00255889	0.000265042	0.216345	0.0358969	0.00977172	0.0727351	0.0614569	0.119573	0.0471637	0.0360141	0.000566055	0.00755391	1.78815e-05	0.117832	0.0205268	0.046978	0.000867495	0.127761	
0.00667934	0.00567454	0.000630481	0.0142119	0.106769	0.0289588	0.0311486	0.102609	0.000287412	0.176675	0.0208166	0.0597078	0.0394758	0.00906702	0.00567618	0.227085	0.0304738	0.0644966	0.012687	0.0568703	
0.0218461	0.0052337	0.00359865	0.000468787	0.0915731	0.00166064	0.00310376	0.0669925	0.00668823	0.218438	0.00185732	0.0677839	0.0393882	0.0111869	0.00126937	0.213863	0.0238796	0.0826507	0.02748	0.111037	
0.0846259	0.0306069	0.00171309	0.0581813	0.145192	0.0244881	0.00645183	0.14017	3.23474e-07	0.0754815	0.0423601	0.0435434	0.0932453	0.0316078	0.00269735	0.0887451	0.021814	0.074321	0.00536716	0.0293875	
0.0139953	0.00713959	0.033601	0.0389093	0.271079	0.0303747	0.000387004	0.0567876	0.00801035	0.175614	0.00436796	0.0784458	0.0333904	0.0376521	0.00200189	0.0441435	0.00795069	0.0406925	0.0524723	0.0629848	
0.0737246	0.0116731	0.026643	0.00941171	0.0757354	0.00329877	0.00171765	0.042518	0.000624731	0.150293	0.0103291	0.0997693	0.0221762	0.0106291	0.00255333	0.154308	0.0494174	0.0685688	0.0869252	0.0996835	
0.126454	0.0106784	0.0869219	0.0135435	0.087637	0.0153504	0.00234539	0.16811	1.45543e-05	0.13783	0.0241022	0.0324192	0.0556467	0.00298336	0.010835	0.138229	0.0130982	0.0485723	0.00144886	0.0237803	
0.0713465	0.076464	2.86405e-06	0.00150455	0.113454	0.000162897	5.46944e-07	0.240213	0.0179504	0.125801	0.0285242	0.0485335	0.0195974	0.00784128	0.00658096	0.0324639	0.000559561	0.0871528	0.0242172	0.0976296	
0.034154	0.0483189	0.00388944	0.00415906	0.138992	0.0506249	0.00698985	0.0643013	0.00473958	0.177179	0.0267229	0.0516148	0.0731714	0.000775537	9.42849e-07	0.132891	0.0460549	0.0928537	0.0205455	0.0220216	
0.0354495	0.143419	0.00289276	0.0215972	0.15281	0.0178555	0.0331863	0.0922157	0.00628882	0.163148	0.00731055	0.0461349	0.0289112	0.0224529	0.00187609	0.120011	0.017461	0.0233362	0.0140688	0.0495752	
0.0990007	0.02082	0.000528417	0.00503836	0.165376	0.0021071	0.000518183	0.11735	0.00718242	0.0715246	0.108433	0.00678741	0.104572	0.00879833	8.97655e-05	0.10339	0.0156077	0.0647368	0.0296395	0.0684989	
0.0321615	0.00260812	0.024041	0.036639	0.0882319	0.0643292	0.000360244	0.170673	0.000920777	0.188649	0.0386459	0.0527349	0.00320953	0.0476995	0.000115718	0.134346	0.0497346	0.0450016	5.89918e-06	0.0198921	
0.0372863	0.0150372	0.0426324	0.0313111	0.154031	0.00694977	0.00501084	0.0887911	0.000343887	0.115259	0.000434222	0.00981651	0.0349776	0.0156241	0.027988	0.265816	0.0098898	0.0621661	0.00886848	0.0677664	
0.0446651	0.0249779	0.102377	0.000905882	0.0470828	0.029567	0.0124947	0.133464	0.00430607	0.159135	0.00252894	0.0619771	0.00696506	0.00955655	0.0398799	0.164386	0.0199585	0.0189597	0.00520749	0.111605	
0.114855	0.142529	0.000361002	0.00427183	0.222995	0.00175425	0.00120761	0.0364355	4.67264e-06	0.054962	0.0115446	0.060851	0.00240197	0.00240595	1.65609e-06	0.0292062	0.0845888	0.0555762	0.0450081	0.129039	
0.0119639	0.0031686	0.0197209	0.00811504	0.0629196	0.0079922	0.047061	0.219357	0.080542	0.132952	0.0131338	0.080327	0.00574775	0.111777	0.0011731	0.01864	0.035536	0.0887733	0.0276636	0.0234366	
0.0914994	0.0172162	0.00682823	3.436e-05	0.120023	0.0255598	0.00693248	0.123093	0.0117558	0.164202	0.0161771	0.0369581	0.00699679	0.0055765	1.20289e-08	0.306847	0.00506376	0.0424091	0.00902367	0.00380348	
0.0397545	0.0294311	0.0876069	0.000332063	0.0691002	0.0252783	3.53276e-06	0.171564	0.00647958	0.155935	0.0117202	0.101545	0.0341315	0.011245	0.0303115	0.044778	0.0906723	0.0537223	0.0149588	0.0214303	
0.0267517	0.00525167	0.0164083	0.000163434	0.10227	0.0104985	0.00260566	0.170825	7.2334e-07	0.148079	0.03937	0.0409029	0.0321054	0.0493666	0.00114608	0.0713831	0.0671638	0.0642664	0.0186411	0.132801	
0.00571698	0.0597801	0.0364337	0.00483167	0.195282	0.0174219	0.0188982	0.0661669	4.4741e-06	0.0939627	0.00218234	0.0689603	0.08027	0.00745166	0.000435155	0.124019	0.0025917	0.0312893	0.00158069	0.182722	
0.00694925	0.0190894	0.00960197	0.00100306	0.0251766	0.00523845	0.0197822	0.147853	0.00939621	0.108306	0.0118697	0.0588833	0.00950704	0.14379	0.00498107	0.0698513	0.0802241	0.189861	0.0116241	0.0670117	
0.0437692	0.0225359	0.00524263	0.000156965	0.106157	0.050831	0.00148167	0.073379	1.60725e-05	0.214484	0.00139332	0.0955328	0.0286745	0.00730672	5.17143e-05	0.10945	0.0250894	0.0951362	0.000627745	0.118685	
0.0230565	0.0475421	0.0246506	0.000462522	0.102566	0.00442844	0.000296238	0.0959803	1.43057e-05	0.193224	0.025584	0.0264024	0.0187948	0.00523188	1.75093e-06	0.135369	0.0186612	0.128587	0.0148287	0.134318	
0.0484807	0.0525886	3.60357e-05	2.65979e-05	0.190102	0.00583986	0.000153034	0.12267	0.00567834	0.102256	0.025377	0.0136222	0.00909089	0.00634624	1.2532e-05	0.131083	0.0578293	0.188301	0.0154516	0.025055	
0.0084839	0.000492896	0.0228478	0.00474617	0.139622	0.0451231	0.00722584	0.0972526	0.000616827	0.218708	0.0282889	0.0204283	0.0138386	0.0548965	0.0141664	0.0563417	0.00721862	0.228575	0.00338073	0.027746	
0.0117349	0.00335631	0.0136222	0.0799409	0.0615771	0.0181851	0.00756183	0.136427	0.0394086	0.250205	0.0166894	0.0109021	0.0388957	0.0264614	1.97967e-06	0.152078	0.0261313	0.0838175	0.00310683	0.0198973	
0.0220707	0.0548409	0.00315915	0.00361576	0.123123	0.0091351	0.0062187	0.109312	0.0515783	0.0471648	0.122579	0.0168717	0.110878	0.00928069	0.000153788	0.127176	0.0142146	0.110378	0.0100668	0.0481821	
0.0490944	0.00827598	0.000726908	2.24808e-05	0.134127	0.0226273	3.84213e-07	0.157454	4.10492e-06	0.292888	0.00373658	0.0359042	0.0853572	0.00949113	0.00229426	0.0682357	0.0698447	0.0181409	8.57997e-05	0.0416886	
0.0408612	0.0344119	0.000591027	0.00034815	0.196817	0.00821759	1.26308e-07	0.021164	0.0417111	0.157868	0.0246259	0.106689	0.000732841	0.00200811	0.000572769	0.121105	0.035648	0.106296	0.0743001	0.0260327	
0.0272406	0.00583869	0.0289976	0.00713693	0.0484959	0.00371555	8.26328e-07	0.185048	0.0178413	0.139283	0.00832031	0.0239134	0.0596575	0.0387812	3.6102e-05	0.182683	0.132399	0.0647011	0.00377983	0.022129	
0.0245777	0.0085249	0.000868813	0.000125666	0.141816	0.00588943	0.000312582	0.0513083	0.000107643	0.388563	0.00395458	0.0365688	0.0244854	0.0129018	0.00591761	0.136576	0.00153129	0.0415314	0.0108037	0.103636	
0.0886767	0.00630052	0.0214716	0.0823053	0.0487691	0.00970781	6.52274e-07	0.181275	0.0488684	0.100724	0.00874013	0.0176894	0.0375573	0.0349208	0.0018446	0.168342	0.0354195	0.0857214	0.00271252	0.0189537	
0.0596586	0.0166193	0.00412706	0.00796818	0.101349	0.0676146	0.000403051	0.141366	0.000343786	0.214041	0.0468615	0.0843372	0.00988354	0.0132177	6.82545e-05	0.0779334	0.105138	0.0159741	0.0138582	0.0192368	
0.00361668	0.0122049	0.10656	0.0024959	0.0991103	0.00509286	7.35734e-05	0.0548877	0.000753788	0.143317	0.00053831	0.0909418	0.0662791	0.00228135	0.000210942	0.0362645	0.0413317	0.189052	0.0314185	0.113569	
0.150509	0.0335078	0.0259538	0.00804499	0.115115	0.000813626	0.0128799	0.236259	0.00776503	0.10128	0.101261	0.012193	0.000962935	0.0166358	0.000493318	0.0820694	0.00391175	0.068845	0.0101641	0.0113351	
0.0399083	0.0137627	0.00260289	0.000266429	0.245765	0.0265776	0.0322894	0.247745	6.18378e-09	0.164653	0.00494677	0.0280215	0.00145251	0.0008656	0.00979529	0.0474502	0.0667356	0.0374169	0.0111052	0.0186409	
0.0524617	0.0423849	0.0044065	0.0128752	0.129589	0.036309	0.00366771	0.122279	0.016773	0.26274	0.0127521	0.0100355	0.030147	0.0224589	0.00500464	0.0330384	0.0281206	0.107506	0.000889561	0.0665614	
0.0199327	0.00047336	0.0331423	0.00427066	0.127484	0.0541712	0.000112401	0.103492	0.0112759	0.0489491	0.00415301	0.0893051	0.0358178	0.0211746	0.000107358	0.133088	0.0391843	0.125656	0.0338298	0.11438	
0.0937519	0.0441635	0.0276724	0.0380811	0.0732583	0.0031359	0.00148805	0.0626835	6.986e-06	0.144952	0.0449673	0.134311	0.000800799	0.0194673	7.57178e-05	0.0493778	0.0978106	0.0608995	0.00902119	0.0940754	
0.0165166	0.0582493	0.0145233	0.00281541	0.143506	0.0388729	0.0100428	0.132014	0.00336496	0.165464	0.00128786	0.0666854	0.0144405	0.0103248	0.0230815	0.0541666	0.0920467	0.0165992	0.0582127	0.0777851	
0.0433658	0.00116553	0.00575491	4.33699e-06	0.195341	0.00208765	5.94804e-05	0.0325958	4.31711e-07	0.19802	0.0079468	0.0559063	0.0618971	0.0378751	0.000408537	0.0472529	0.0898569	0.0940331	0.0661317	0.0602965	
0.0245644	0.033139	0.0269741	0.00498906	0.0750465	0.0287478	0.00507945	0.0257694	0.00134319	0.287068	0.00386009	0.0472762	0.0318103	6.66372e-05	0.00497215	0.136638	0.0364629	0.0989856	0.0240701	0.103137	
0.0808326	0.000672261	0.000449483	0.000982111	0.18359	0.000383394	0.00328559	0.0302994	7.07314e-05	0.0898656	0.0109455	0.0340604	0.00889601	0.0308154	7.85273e-05	0.075696	0.189981	0.0844015	0.0549432	0.11975	
0.00788755	0.0367021	0.00130133	0.0282413	0.0747426	0.00579191	0.00016306	0.0730676	0.0212883	0.196548	0.0611758	0.120307	0.01305	0.0062612	9.55684e-05	0.199611	0.0810066	0.015187	0.000290681	0.0572812	
0.0150027	0.0122004	0.0123417	0.00100886	0.299721	0.0969274	9.73472e-05	0.0499355	0.000188385	0.121894	0.0176049	0.0379826	0.0120795	4.81726e-06	0.00182563	0.103421	0.0630485	0.0987992	0.000119865	0.0557962	
0.0323246	0.00741232	0.0221969	0.00665229	0.126986	0.0246338	5.45449e-09	0.17912	7.88825e-07	0.145829	0.00641783	0.0681881	0.01149	0.0543348	0.00601698	0.118865	0.0228027	0.131024	0.0110131	0.0246924	
0.0104467	0.00204404	7.8637e-05	0.000286424	0.206663	0.0598431	5.27481e-06	0.177524	4.03183e-06	0.164529	0.0107355	0.0255989	0.00388916	0.0060414	0.00166767	0.174001	0.0835627	0.0259249	0.0285029	0.0186518	
0.104127	0.0121874	0.0150663	0.00103843	0.138976	0.0702042	0.0169359	0.0861913	0.0427735	0.129655	3.3202e-05	0.0207527	0.0183267	0.0198107	7.54838e-06	0.118375	0.0235697	0.0693123	0.0448307	0.0678268	
0.177686	0.0441549	0.0188891	0.0213613	0.0797025	0.00632329	0.00394995	0.202935	0.010582	0.145846	0.0130675	0.0483247	0.00294149	0.00238315	3.54482e-05	0.0548456	0.0218976	0.0665223	0.0135871	0.0649658	
0.0109844	0.00898347	8.0533e-05	0.00531929	0.210273	0.0198658	0.0143837	0.019397	0.0509432	0.167551	0.0325035	0.135949	0.0461658	0.00138819	4.72544e-05	0.0899988	0.109205	0.0480844	0.00296655	0.02591	
0.0159391	0.000239539	0.000123851	0.000100253	0.0980099	0.00947596	0.000753011	0.146412	0.00736884	0.304901	0.0526762	0.0291831	0.0358737	0.014046	3.49114e-05	0.156652	0.0141272	0.0420881	0.0699401	0.00205655	
0.0497556	5.27866e-05	0.0144849	0.000665053	0.0666254	0.000765705	0.00102927	0.150627	0.0107208	0.164306	0.0165427	0.0656769	0.0391601	0.00111425	5.12309e-05	0.18245	0.133652	0.0731857	0.00664288	0.0224913	
0.00566459	0.00134219	0.0639676	4.45131e-05	0.186918	0.0298485	2.9012e-05	0.27002	3.58474e-05	0.0693769	0.0328371	0.0125452	0.00328895	0.0271534	0.00795386	0.0624613	0.0991769	0.0519415	0.00872848	0.0666668	
0.115833	0.00451916	0.0324448	0.00502042	0.157955	0.00214271	0.0173273	0.162821	0.00297204	0.074232	0.15247	0.022148	0.0291193	0.0167998	0.000887453	0.0947436	0.0524639	0.0454847	0.00738455	0.00323128	
0.0236557	0.13425	0.0165199	0.00355113	0.220916	0.00887308	0.00185993	0.0347603	1.55627e-06	0.0611856	0.0517063	0.00827896	0.00601128	0.0151165	4.197e-07	0.193711	0.0220687	0.0376238	0.0609328	0.0989771	
0.0078157	0.0421443	0.0180855	0.0107373	0.198753	0.043967	0.000638925	0.024482	0.00943748	0.165721	0.00642	0.0222057	0.0135939	0.00591304	0.00250862	0.143586	0.00892033	0.159475	0.0251861	0.0904093	
0.0496125	0.00355043	0.0101593	0.0308251	0.0530647	0.0155057	0.0108753	0.0856895	0.000818294	0.122759	0.0250049	0.112503	0.0137171	0.0470523	0.0263058	0.0451468	0.015944	0.233644	0.00107975	0.0967425	
0.035286	0.0708036	0.00147373	0.00501225	0.0665846	0.00255252	0.0730585	0.0937197	0.00019749	0.0950578	0.0518333	0.0273014	0.000942974	1.91553e-05	1.35823e-07	0.14393	0.0790396	0.153307	0.0667537	0.0331263	
0.0537074	0.0270407	0.00225811	8.38074e-05	0.0587324	0.00119479	0.00578886	0.104685	0.014108	0.153706	0.0446911	0.0443189	0.00267295	0.0173908	4.65152e-05	0.174004	0.0334433	0.124598	0.0115463	0.125983	
0.0355891	0.00236327	0.0300843	0.0564746	0.108151	0.00517172	0.0811623	0.0595799	8.53956e-05	0.147489	0.112803	0.00605883	0.0164191	0.00514166	8.35642e-07	0.0646144	0.0326109	0.069944	0.00226477	0.163991	
0.031132	0.0229524	7.76887e-06	0.0154264	0.151254	0.00315173	1.85049e-07	0.130793	0.0379598	0.205533	0.00389852	0.0840169	0.0188738	0.00692804	0.00473767	0.061505	0.0545481	0.0660789	0.0248565	0.0763456	
0.0789827	0.0230895	0.022547	0.0387362	0.194128	0.0191937	3.5722e-05	0.0820231	0.000102667	0.214354	0.0696145	0.0427234	0.0329451	0.00110685	2.76469e-05	0.0610278	0.0245194	0.0681853	0.0147352	0.0119227	
0.00751952	0.000607075	0.00375014	0.00297724	0.186164	0.00627584	0.000961365	0.22344	0.00243972	0.0974809	0.0897616	0.0503402	0.000267313	0.0801957	0.000133609	0.157114	0.0666549	0.0138841	0.00181291	0.00821976	
0.044723	0.0873164	1.38309e-06	0.00100715	0.116756	0.0272609	0.00145769	0.0993147	1.12311e-05	0.228777	0.0514406	0.0432123	0.00241942	0.00161535	0.00529183	0.067332	0.118918	0.0487613	0.013945	0.0404381	
0.0574961	0.0153835	0.0655891	0.00921243	0.217275	0.0231919	0.017617	0.020205	0.00228827	0.136441	0.0104499	0.008105	0.0273165	0.00966917	4.50252e-06	0.126783	0.0535719	0.067461	0.00286539	0.129075	
0.00187876	0.00483542	0.0478791	0.00379896	0.113891	0.00639863	0.00439534	0.0306616	3.40763e-06	0.244082	0.00439682	0.046935	0.0634874	0.0569024	0.000153248	0.14998	0.0817363	0.0789503	0.00634108	0.0532938	
0.02723	0.00524723	0.0170165	0.00587293	0.103785	0.0144696	0.0289333	0.122359	0.0033888	0.124794	0.123854	0.0430273	0.000164743	0.0307203	0.000477372	0.0409122	0.0751983	0.145139	0.0249159	0.0624934	
0.0571165	0.0734974	0.0572446	0.00106845	0.0937181	0.00743983	0.00151635	0.0137291	0.02814	0.0983526	0.0969175	0.138277	0.0549504	0.018095	5.301e-05	0.0727833	0.0212025	0.0627054	0.035373	0.0678202	
0.1629	0.00749786	8.33492e-05	0.0103287	0.112907	0.0314724	7.04289e-06	0.190517	0.000640789	0.109462	0.0194083	0.0171298	0.0884284	8.06169e-05	0.000544701	0.0387158	0.063926	0.0274021	0.0328026	0.0857462	
0.0576835	0.0285354	0.00747513	0.00042667	0.140584	0.0220323	0.00533956	0.0759054	0.0756911	0.151291	0.0333511	0.0395541	0.00154857	0.030726	0.000820556	0.221905	0.0598811	0.0269568	0.0104175	0.00987515	
0.0400784	0.0670059	2.50493e-07	0.00233297	0.0933375	0.00471608	0.000166072	0.0264687	0.011131	0.191325	0.00716172	0.109201	0.0246259	0.0240737	0.000332904	0.10102	0.0670344	0.190842	0.0189332	0.0202134	
0.0204367	0.000351199	0.0318137	0.00533977	0.113058	0.00262703	0.0112094	0.177772	0.0107346	0.176784	0.00360195	0.0829338	0.0055361	0.00512706	0.00216439	0.0962327	0.0528198	0.0539013	0.0121496	0.135407	
0.0704008	0.0529899	4.36448e-07	0.000690164	0.209255	0.0414877	0.000219732	0.0446209	0.000456611	0.156824	0.011792	0.0224265	0.0323465	0.0195223	0.000160055	0.083078	0.0191728	0.126292	0.0343884	0.0738768	
