
maxdiff     : 0.0904059
meandiff    : 0.00642959

