CATGTRSBDP
1	-1	10278
1
1.8
0	0
0	0
../../../fasta_sequences/alignments/concatenated_noguidance/concatenated_noguidance.phy
4
0
Universal

0
0
0
None
0
10	0
0
(((LN898115_CTEN_Vall_mult:1.31668684580923,((LN898114_CTEN_Coel_yuli:0.0427063809203161,LN898113_CTEN_Coel_loya:0.0825651178313939):0.829918901330115,(NC010201_PORI_Amph_comp:0.111063044269609,(((((NC014860_PORI_Plak_jani:0.0467545177002862,NC014884_PORI_Plak_mono:0.0494573451970368):0.189901473294417,(NC014888_PORI_Osca_tube:0.0171090873057399,NC014856_PORI_Osca_viri:0.00686888579721384):0.0844143264421585):0.0654541923793552,(((NC030337_CNID_Hali_anta:0.678360859245996,(((NC016467_CNID_Cuba_aphr:0.163399101047698,NC018537_CNID_Cras_sowe:0.228936785572592):0.193864003177745,NC021406_CNID_Hydr_sine:1.14778133525235):0.132748600137316,((NC008446_CNID_Aure_auri:0.159019813659076,(NC035740_CNID_Nemo_nomu:0.149270861790975,NC016466_CNID_Cass_fron:0.343366314959005):0.0342597230556051):0.0828116656810154,NC020459_CNID_Chry_quin:0.248519139081371):0.367627183994706):0.0614965822165268):0.141680449547851,((NC035665_CNID_Eugo_muta:0.019245086122742,NC035667_CNID_Euni_cavo:0.031413401621306):0.0571139156787966,NC018378_CNID_Reni_muel:0.0361399417617644):0.42401115453399):0.0485533366118239,((((((NC034783_ANNE_Pont_core:0.801700157229086,NC007893_MOLL_Wata_scin:0.991388495155551):0.166727150201332,((KY778696_ARTH_Phot_pyra:1.21741920643688,NC020030_PRIA_Hali_spin:0.778658201351687):0.211809322438716,NC005306_EUAR_Varg_hilg:1.99411270119684):0.0545241157976988):0.719544036083899,((((NC031810_CHOR_Etmo_pusi:0.219566447894368,NC012761_CHOR_Gala_sene:0.499521428743827):0.334252592720557,NC000834_CHOR_Bran_flor:0.710212640386111):0.212353304033667,(NC001453_ECHI_Stro_purp:0.657294135974134,NC040151_ECHI_Ophi_anta:1.06744161419198):0.272698314071723):0.0618729533457657,NC008556_XENA_Xeno_bock:1.08781965737251):0.097940382603221):0.950547385930257,(NC028054_PORI_Vaze_pour:0.134302079216247,NC027419_PORI_Oops_minu:0.178239631514438):1.47935891475931):0.0854853509808424,(AF538053_CHOA_Mono_brev:0.516858244591707,((NC006837_FUNG_Zanc_culi:1.18797661757658,NC006836_FUNG_Rhiz_oryz:0.382030528168225):0.0923492799553541,((NC011360_FUNG_Blas_emer:0.060492097615704,NC001715_FUNG_Allo_macr:0.153526714779014):0.390116561756026,(NC003053_FUNG_Rhiz_gram:1.12276752384853,NC003052_FUNG_Spiz_punc:0.429043957672434):1.1559631710733):0.080824821615962):0.434885348342695):0.244933106089657):0.0866126794470203,((NC008832_PLAC_Plac_sp:0.027832223277589,(NC015309_PLAC_Plac_sp:0.00482969662826425,NC008833_PLAC_Plac_sp:0.00491302065443307):0.0637276447459965):0.0457777672795447,(NC008834_PLAC_Plac_sp:0.0385187872071339,NC008151_PLAC_Tric_adha:0.0285523312075389):0.0426990570699603):0.775609404645812):0.0826008454455027):0.110768896028223):0.115420482161315,((NC010203_PORI_Aply_fulv:0.174921533450267,(NC010208_PORI_Chon_sp:0.0374948033668865,NC010212_PORI_Hali_duja:0.0358364558754568):0.0981627328908591):0.0443125269844555,((NC013662_PORI_Irci_stro:0.0487743231730194,NC010218_PORI_Vace_GW94:0.0409880001918121):1.13532469222856,NC010216_PORI_Iger_nota:0.504442412258983):0.199569908560555):0.0175013493057873):0.0204894433623653,(((NC006990_PORI_Geod_nept:0.222735076841151,((NC010496_PORI_Sube_domu:0.179323657687815,(NC006991_PORI_Teth_acti:0.095305084278964,NC010207_PORI_Iotr_biro:0.23076248673943):0.00981687271064795):0.0303776555342445,NC023834_PORI_Poly_litt:0.0973285652994006):0.011717544124285):0.0103852284555947,NC006894_PORI_Axin_corr:0.12844676876337):0.0185459129013372,NC016431_PORI_Euna_subt:0.115785520132023):0.0325830550091208):0.0805987619854092):10.9261482081981):0.294236871879888):2.8157319275814,(NC016117_CTEN_Mnem_leid:1.03320569353955,JN392469_CTEN_Pleu_bach:1.72721355845001):0.370946714855947):1.00069023115486,MG655623_CTEN_Bero_fors:0.00749686523378023,(MG655624_CTEN_Bero_fors:0.00131693648965889,MG655622_CTEN_Bero_fors:0.000974901080091831):0.000362611897622607);
(((LN898115_CTEN_Vall_mult:1.31668684580923,((LN898114_CTEN_Coel_yuli:0.0427063809203161,LN898113_CTEN_Coel_loya:0.0825651178313939):0.829918901330115,(NC010201_PORI_Amph_comp:0.111063044269609,(((((NC014860_PORI_Plak_jani:0.0467545177002862,NC014884_PORI_Plak_mono:0.0494573451970368):0.189901473294417,(NC014888_PORI_Osca_tube:0.0171090873057399,NC014856_PORI_Osca_viri:0.00686888579721384):0.0844143264421585):0.0654541923793552,(((NC030337_CNID_Hali_anta:0.678360859245996,(((NC016467_CNID_Cuba_aphr:0.163399101047698,NC018537_CNID_Cras_sowe:0.228936785572592):0.193864003177745,NC021406_CNID_Hydr_sine:1.14778133525235):0.132748600137316,((NC008446_CNID_Aure_auri:0.159019813659076,(NC035740_CNID_Nemo_nomu:0.149270861790975,NC016466_CNID_Cass_fron:0.343366314959005):0.0342597230556051):0.0828116656810154,NC020459_CNID_Chry_quin:0.248519139081371):0.367627183994706):0.0614965822165268):0.141680449547851,((NC035665_CNID_Eugo_muta:0.019245086122742,NC035667_CNID_Euni_cavo:0.031413401621306):0.0571139156787966,NC018378_CNID_Reni_muel:0.0361399417617644):0.42401115453399):0.0485533366118239,((((((NC034783_ANNE_Pont_core:0.801700157229086,NC007893_MOLL_Wata_scin:0.991388495155551):0.166727150201332,((KY778696_ARTH_Phot_pyra:1.21741920643688,NC020030_PRIA_Hali_spin:0.778658201351687):0.211809322438716,NC005306_EUAR_Varg_hilg:1.99411270119684):0.0545241157976988):0.719544036083899,((((NC031810_CHOR_Etmo_pusi:0.219566447894368,NC012761_CHOR_Gala_sene:0.499521428743827):0.334252592720557,NC000834_CHOR_Bran_flor:0.710212640386111):0.212353304033667,(NC001453_ECHI_Stro_purp:0.657294135974134,NC040151_ECHI_Ophi_anta:1.06744161419198):0.272698314071723):0.0618729533457657,NC008556_XENA_Xeno_bock:1.08781965737251):0.097940382603221):0.950547385930257,(NC028054_PORI_Vaze_pour:0.134302079216247,NC027419_PORI_Oops_minu:0.178239631514438):1.47935891475931):0.0854853509808424,(AF538053_CHOA_Mono_brev:0.516858244591707,((NC006837_FUNG_Zanc_culi:1.18797661757658,NC006836_FUNG_Rhiz_oryz:0.382030528168225):0.0923492799553541,((NC011360_FUNG_Blas_emer:0.060492097615704,NC001715_FUNG_Allo_macr:0.153526714779014):0.390116561756026,(NC003053_FUNG_Rhiz_gram:1.12276752384853,NC003052_FUNG_Spiz_punc:0.429043957672434):1.1559631710733):0.080824821615962):0.434885348342695):0.244933106089657):0.0866126794470203,((NC008832_PLAC_Plac_sp:0.027832223277589,(NC015309_PLAC_Plac_sp:0.00482969662826425,NC008833_PLAC_Plac_sp:0.00491302065443307):0.0637276447459965):0.0457777672795447,(NC008834_PLAC_Plac_sp:0.0385187872071339,NC008151_PLAC_Tric_adha:0.0285523312075389):0.0426990570699603):0.775609404645812):0.0826008454455027):0.110768896028223):0.115420482161315,((NC010203_PORI_Aply_fulv:0.174921533450267,(NC010208_PORI_Chon_sp:0.0374948033668865,NC010212_PORI_Hali_duja:0.0358364558754568):0.0981627328908591):0.0443125269844555,((NC013662_PORI_Irci_stro:0.0487743231730194,NC010218_PORI_Vace_GW94:0.0409880001918121):1.13532469222856,NC010216_PORI_Iger_nota:0.504442412258983):0.199569908560555):0.0175013493057873):0.0204894433623653,(((NC006990_PORI_Geod_nept:0.222735076841151,((NC010496_PORI_Sube_domu:0.179323657687815,(NC006991_PORI_Teth_acti:0.095305084278964,NC010207_PORI_Iotr_biro:0.23076248673943):0.00981687271064795):0.0303776555342445,NC023834_PORI_Poly_litt:0.0973285652994006):0.011717544124285):0.0103852284555947,NC006894_PORI_Axin_corr:0.12844676876337):0.0185459129013372,NC016431_PORI_Euna_subt:0.115785520132023):0.0325830550091208):0.0805987619854092):10.9261482081981):0.294236871879888):2.8157319275814,(NC016117_CTEN_Mnem_leid:1.03320569353955,JN392469_CTEN_Pleu_bach:1.72721355845001):0.370946714855947):1.00069023115486,MG655623_CTEN_Bero_fors:0.00749686523378023,(MG655624_CTEN_Bero_fors:0.00131693648965889,MG655622_CTEN_Bero_fors:0.000974901080091831):0.000362611897622607);
1
2.54049
0.491763
3185
38.3721
0.748571	0.307895	0.364078	0.57407	1.82223	0.752915	0.346215	1.67999	0.497819	2.13082	0.721166	0.93552	0.390392	0.361702	0.346096	1.61171	1.03437	1.07084	0.57936	1.1168	

2.36065	0.628138	1.39133	0.0510116	5.15437	0.181653	0.215492	1.07195	0.249587	1.21342	0.156454	1.42001	1.42178	0.330359	6.20995	6.53189	6.75561	0.0370042	0.0779695	0.415782	0.0439803	0.780314	0.820871	0.143891	1.4921	0.0274467	0.775281	1.41726	1.63496	0.333312	1.13411	1.21003	4.77716	2.19216	0.00132797	1.02899	0.610487	6.81018	0.0828722	0.64122	1.47748	0.030376	0.561373	0.123774	0.112389	3.14228	0.140067	1.0324	0.48401	0.514613	0.00269811	0.152419	0.0956498	0.113019	0.00192332	1.08681	0.618922	0.0933951	1.47439	0.088431	0.0737137	0.735369	0.255846	3.62854	0.187598	0.558179	1.00024	0.663306	0.0565284	0.0564524	0.0447306	0.157615	0.409473	0.326853	1.5782	0.537363	0.334685	0.0788616	0.053806	0.032068	0.297356	0.0921261	0.515568	0.339367	3.49745	0.0936947	0.121108	0.589817	0.159439	0.0292197	0.965497	0.566569	0.460191	0.511012	2.23918	0.538159	0.384594	0.255926	0.0280933	0.0058273	0.376931	0.13732	0.41067	2.73712	0.345826	6.21792	0.875855	0.634004	0.53912	0.0517507	0.20812	2.61748	0.342067	2.41567	3.57885	0.23579	0.203535	0.0472532	0.0794509	0.242389	2.29365	11.6121	0.166746	0.266248	0.160591	0.909119	1.3068	0.274236	3.50576	8.16054	0.871309	0.712391	0.0467211	0.143316	0.284857	3.52941	0.260871	0.214257	1.06497	0.232968	0.293838	0.747678	1.60773	0.583811	0.42691	0.32191	0.0354079	1.48634	0.037639	0.452669	2.57336	2.45358	0.497239	0.163617	0.282317	0.87529	0.976401	2.11956	1.19243	0.33495	0.0774591	0.675369	0.688926	0.627404	1.71171	1.48952	0.341978	0.23148	0.115078	1.39689	0.741023	0.485843	0.302844	0.118681	0.49205	0.753028	0.10807	0.989056	0.0287593	0.809472	4.9683	0.540208	0.256672	0.384342	2.68342	0.129147	0.226272	0.296365	0.24126	1.02528	

0.046998	0.0126716	0.030083	0.0165754	0.0721123	0.0162315	0.0504163	0.0627996	0.048262	0.0749878	0.0130426	0.0997405	0.00878895	0.00942714	0.0116014	0.0645177	0.0417156	0.0338657	0.0112253	0.274938	
0.0258817	0.0203405	0.000213547	0.022437	0.104429	0.0630388	0.0166147	0.0838726	0.00846407	0.0687761	8.2369e-05	0.0363628	0.378573	0.0211536	7.21983e-05	0.0307291	0.0326579	0.0484794	0.00541913	0.0324028	
0.0291177	0.00528001	0.0194441	0.0299702	0.0854996	0.0367497	0.0165635	0.0778094	0.0825503	0.114551	0.0235127	0.0938208	0.0292156	0.0295216	0.0316006	0.0918642	0.0550647	0.0423037	0.0323435	0.0732177	
0.0185427	0.000753137	5.25785e-06	0.000596046	0.355415	0.279846	0.0113469	0.0056556	0.00065537	0.0381036	0.0529063	0.016194	1.2101e-06	0.000726559	0.000813134	0.0396649	0.0133214	0.00309978	0.0130569	0.149296	
0.226504	0.00734696	0.00555743	0.00131514	0.169577	0.0534635	0.000463455	0.042535	0.000332852	0.0864042	0.0160613	0.00387418	4.1789e-05	0.00998797	0.00646697	0.191365	0.0132119	0.00594966	0.116009	0.0435338	
0.0431669	0.0175657	0.00271361	0.000824036	0.135997	0.0388863	0.000560243	0.267313	0.00359818	0.270424	0.038915	0.000581295	0.00478729	0.000356162	0.000500572	0.0175658	0.0239562	0.102288	0.0161015	0.0138998	
0.0118159	0.00138362	0.03315	0.113582	0.0698253	0.0346304	0.0342547	0.0576606	0.134493	0.16416	0.0040427	0.0376966	0.0556526	0.00124794	1.21824e-06	0.037504	0.0721462	0.0942676	0.0112686	0.0312177	
0.0240084	0.00364878	0.0125844	0.000315041	0.103119	0.0199169	0.000482637	0.106924	0.00287976	0.588263	0.0456818	0.00172628	0.00316303	1.91154e-06	0.00398998	0.00434171	0.00126706	0.0276679	0.013812	0.0362066	
0.0290269	0.00144157	3.39334e-07	0.0174412	0.0596385	0.00280401	0.00221062	0.223017	0.000838228	0.0782323	0.00920759	0.0022198	0.0517878	0.000618211	0.00322812	0.107692	0.0644692	0.219075	0.0384385	0.0886137	
0.0876899	0.00362173	0.00822148	0.00907987	0.0667144	0.196946	0.0120509	0.072381	0.006924	0.0887023	0.0167588	0.0610992	0.00992445	0.017558	0.0141109	0.253706	0.0130113	0.00452921	0.0297495	0.0272208	
0.0374983	0.000125235	2.30796e-10	0.0202478	0.0873347	0.193826	0.00348905	0.0919324	0.0310304	0.0237409	0.000225816	0.172557	0.00539841	0.0578092	0.000725848	0.0824225	0.0104342	0.0263517	0.00050882	0.154341	
0.0641903	0.000104804	0.00532312	0.0548862	0.0538105	0.0273875	0.00681722	0.0971743	0.00400748	0.1923	0.072641	0.00905907	0.171141	0.00878795	0.00172843	0.0845973	0.0145072	0.0647619	0.0116126	0.0551619	
0.0183391	0.00181956	0.0875936	0.0743499	0.0723517	0.0340602	0.0156105	0.02862	0.0502992	0.052416	0.00997554	0.152374	0.1105	0.0348055	0.0201879	0.129696	0.0536909	0.0173676	0.00338698	0.0325559	
0.042957	0.00817946	0.0526963	0.0436501	0.0642195	0.035045	0.0371576	0.0391442	0.0192999	0.0608346	0.029667	0.100355	0.0395827	0.0149589	0.0125027	0.130777	0.164218	0.0286747	0.00590417	0.0701767	
0.175968	0.0146675	1.82474e-08	0.00538665	0.199566	0.00336362	0.0188342	0.115833	0.0302554	0.0570782	0.0484185	0.00859047	0.000410412	0.0093523	0.000113569	0.0526074	0.0310415	0.0841246	0.00184268	0.142546	
0.0627612	0.0508638	4.06611e-06	0.00960003	0.136327	0.0323241	0.000111521	0.12893	7.4098e-06	0.173915	0.00741025	0.0383013	0.0118381	0.00256911	0.000113538	0.131697	0.0730905	0.105311	0.0168524	0.0179727	
0.0568426	0.0151085	0.00947176	0.00468941	0.278473	0.0433599	0.00233946	0.127773	0.000117965	0.130918	0.0429636	0.0310837	0.0119191	0.000678701	0.00192775	0.0339435	0.0603603	0.0813546	0.0247887	0.0418865	
0.0267372	0.0095324	0.0159437	0.110908	0.0441569	0.0419058	0.0676397	0.0857888	0.0140344	0.252014	0.0100317	0.0274568	0.000266207	0.0378274	0.0486805	0.0630361	0.0538382	0.0012658	0.0089889	0.0799472	
0.0137041	0.000612195	0.0432029	0.0145511	0.125519	0.140107	0.0261323	0.058695	0.0199055	0.0766258	0.0317234	0.157585	0.0072717	0.0189608	0.00416257	0.131377	0.0381378	0.0193893	0.0131718	0.0591656	
0.0197072	0.00130365	0.0811522	0.137938	0.0911765	0.0717949	0.100501	0.00843468	0.0598095	0.0192979	0.000841974	0.0902562	0.000828959	0.0233006	0.00898663	0.127083	0.0579088	0.00521912	0.0336376	0.0608208	
0.0620194	0.00437667	0.00960471	0.0155677	0.1636	0.0610265	0.120386	0.0385344	0.057649	0.0783401	0.0496748	0.0288241	0.0409656	0.0455735	0.0373269	0.131021	0.00532749	0.0278812	0.00337828	0.0189234	
0.145036	0.0504764	0.00821043	0.0185157	0.111967	0.0335017	0.0207405	0.177141	0.013602	0.047149	0.016063	0.0473875	0.034887	0.00161357	0.00315326	0.196814	0.0123403	0.0030911	0.0122633	0.0460478	
0.267781	8.22887e-05	2.10443e-05	0.00446849	0.231054	0.157484	0.0191964	0.0652077	2.68061e-06	0.122788	0.00792422	0.00460486	5.83501e-06	2.36597e-05	0.0245614	0.0121885	0.010697	0.0106195	0.0402257	0.0210636	
0.057964	0.0150831	0.00471243	0.00290227	0.23287	0.0287955	0.0392742	0.0617783	0.000695349	0.228061	0.0639174	0.0667003	0.00536029	0.0120984	0.00561696	0.09188	0.0302894	0.0293202	0.0103888	0.0122915	
0.00307047	3.65259e-05	0.000927376	0.0262217	0.0297801	0.0229073	0.00409473	0.154517	0.0756797	0.32272	0.0534194	0.0249812	0.0154815	0.000461845	0.00124872	0.0155786	0.0250938	0.0611338	0.143391	0.0192547	
0.0100048	0.0323175	0.0337008	0.0066042	0.0132918	0.0572155	0.122339	0.107412	0.000803937	0.093957	0.0326925	0.0274339	0.000753127	0.0716889	0.0488459	0.0328387	0.102848	0.102772	0.0409835	0.0614978	
0.0097766	0.00987521	7.24132e-05	0.0331325	0.14302	0.000495655	0.0413435	0.0971825	0.0440432	0.0393627	0.0405861	0.0841697	0.00414486	2.09773e-06	0.0254196	0.0556766	0.216375	0.0155035	0.064444	0.0753743	
0.0208979	0.0217611	0.00578539	0.0261789	0.178063	0.0252776	0.0185899	0.171981	0.0273582	0.175556	0.021953	0.0163209	0.0243567	0.0076435	0.00423212	0.0790233	0.0216006	0.0602908	0.0356317	0.0574979	
0.040049	0.0081973	0.00315347	0.11771	0.040448	0.023839	0.00245586	0.129305	0.0614552	0.0298255	0.00972001	0.103365	0.003156	0.015147	0.0233674	0.111768	0.067245	0.0771176	0.0240421	0.108633	
0.031739	9.72203e-06	0.131075	0.00894361	0.110078	0.0183721	0.0112465	0.0406355	0.00018533	0.0976468	0.0193692	0.0188739	0.0232175	0.0315366	0.0586577	0.147402	0.015057	0.0419198	0.00411253	0.189922	
0.0374342	0.0308344	0.00693557	0.0160455	0.0776669	0.0219684	0.00195221	0.0557822	0.0179524	0.415691	0.0423608	0.0118137	0.00823932	0.0116083	1.61646e-06	0.0442676	0.0542258	0.0559791	0.0125049	0.0767358	
0.00649843	0.00599339	0.0189189	0.0435026	0.114107	0.0748516	0.00503878	0.123782	0.000156933	0.0528483	0.022592	0.00788183	0.000157179	0.0101834	0.000174484	0.0170103	0.388946	0.0501045	0.0145843	0.0426685	
0.0034299	0.00435617	0.0130971	0.00510534	0.165097	0.0487618	0.0201068	0.215723	0.0117039	0.133736	0.0450766	0.00255753	0.047587	0.000166397	0.0229817	0.00493823	0.0728097	0.145158	0.0117675	0.0258405	
0.0104244	0.0025214	0.0292988	0.0176244	0.0810902	0.0315954	0.00791996	0.167521	0.0164777	0.29433	0.0297397	0.0756433	0.00350785	0.0247113	0.000474609	0.122073	0.0202583	0.0335202	1.39741e-06	0.0312675	
0.031157	0.00155749	6.04493e-05	0.03011	0.0729274	0.00568986	0.00244591	0.0550403	0.00111087	0.105416	0.0250835	0.0581679	0.000449206	0.00258889	0.000162826	0.235551	0.0991463	0.211658	0.00263594	0.0590407	
0.0567272	0.0111801	0.0104182	0.0318125	0.0481596	0.00648962	0.0380817	0.0575218	0.00136939	0.00464913	0.00891367	0.0267809	0.450985	0.00982168	0.00600287	0.0709237	0.0255502	0.0901277	0.0177185	0.0267671	
0.0987652	3.38479e-05	0.000953873	0.000975337	0.256863	0.0749602	0.00113803	0.0626796	0.00271837	0.0986361	0.040139	0.0409939	0.0143459	0.00186367	0.0185275	0.0154553	0.0360651	0.220161	0.00219651	0.0125285	
0.138125	0.079919	0.00304665	5.57099e-05	0.0374209	0.18253	0.000102933	0.0864004	0.000373901	0.202375	0.073959	0.0226976	0.00291029	0.000704751	0.00421994	0.0721128	0.0148356	0.0497064	0.00305933	0.0254448	
0.0453008	0.00713613	0.00353322	0.0442596	0.22025	0.00883179	0.000943852	0.0189494	8.72848e-05	0.0957053	0.0528	0.218267	0.0449018	0.0188063	4.20592e-05	0.0322879	0.0652309	0.0318475	0.0299092	0.0609104	
0.0180514	0.00530618	0.0234914	7.50025e-05	0.0754737	0.0196116	0.00523549	0.45972	0.000828661	0.0856886	0.0095456	0.00828382	0.00293873	0.00102251	5.72001e-06	0.0286349	0.0407311	0.18598	0.0183268	0.0110493	
0.0568869	0.00592934	4.57221e-05	0.0040165	0.165546	0.044369	0.00038741	0.261579	0.00073054	0.159135	0.0433831	0.0270335	0.00667962	0.0102174	0.0230299	0.0689514	0.0323923	0.0245067	0.0430826	0.0220979	
0.000275646	0.00327206	0.0374798	0.000975296	0.0222186	0.0634978	0.0445664	0.0665588	0.00650058	0.147446	0.0100919	0.0894117	0.000705647	4.31457e-05	0.0251033	0.0545249	0.00890218	0.035316	0.268359	0.114751	
0.00286869	0.00102089	0.000263794	0.000617253	0.189636	0.0570703	0.00391857	0.0437769	0.00160686	0.276947	0.0192478	0.00542236	0.100932	0.00541107	0.00366159	0.134118	0.0206491	0.00350009	0.0158687	0.113464	
0.0269014	0.00180133	1.78417e-05	9.78069e-05	0.0936819	0.00879071	1.12661e-07	0.117815	0.00350641	0.47987	0.0116083	0.0137579	0.0181583	0.00290441	0.00100134	0.0358566	0.0495226	0.112858	0.0149387	0.00691155	
0.0414922	0.0112565	0.0333994	0.00434426	0.386416	0.0630683	0.000101418	0.0147115	0.0367779	0.0948739	0.0854476	0.000843441	0.00227741	0.0111475	0.00345227	0.0416279	0.00651825	0.0356463	0.0618509	0.0647473	
0.0561457	0.000536791	0.0074455	0.00143501	0.0165937	0.0438431	0.110824	0.431441	0.000707853	0.131322	0.0131963	0.0116992	0.0319226	0.000291862	0.0044349	0.0318105	0.0227944	0.0642984	0.000509849	0.0187466	
0.014493	0.127805	0.0070715	0.00496309	0.0410794	0.102761	0.032268	0.0946847	0.0201886	0.0958788	0.0431997	0.0935061	1.26769e-05	9.84915e-05	0.00104682	0.0902771	0.0975163	0.11138	0.000714566	0.0210559	
0.0560714	0.0155055	0.00676348	0.0812033	0.133267	0.0117585	0.000385567	0.0635925	0.0646019	0.136313	0.0806564	0.0488901	0.00434961	0.000199857	0.0460133	0.0950628	0.0170384	0.0475193	0.00096788	0.0898403	
0.100816	0.00431634	0.00161739	0.00861612	0.214403	0.0449263	0.00321413	0.0728237	0.00411179	0.222221	0.0715819	0.0183559	0.00024591	3.38351e-05	0.00107444	0.0727774	0.0360302	0.0424241	0.0145646	0.0658458	
0.048121	0.0745626	0.0215552	0.0245218	0.0865764	0.0278051	0.00705127	0.14235	2.51745e-06	0.0296215	0.00367975	0.113284	0.014814	0.00802839	6.21319e-05	0.0828315	0.095656	0.00466006	0.0774411	0.137375	
0.127635	0.00128087	0.00641636	6.39739e-05	0.42381	0.0703202	3.29705e-07	0.0395661	0.000159838	0.19027	0.0599612	0.00319136	0.00266389	0.000775046	0.00229202	0.0316016	0.0213051	0.012007	0.000533897	0.00614604	
0.00728486	0.00091522	0.105654	0.0246939	0.0630253	0.00835387	0.0380683	0.109347	0.0278835	0.0802194	0.0716761	0.142569	0.0264868	0.0626961	0.00298068	0.099022	0.0386169	0.0135427	0.000584029	0.0763808	
0.0282238	0.00748745	0.0353004	0.0913478	0.0839461	0.0131926	0.00271367	0.0936048	0.0473657	0.159721	0.041287	0.0218848	0.0819062	0.00548838	0.00445108	0.0836095	0.136614	0.0537885	0.00200034	0.00606717	
0.0209965	0.0174431	0.0309444	0.0284015	0.0926648	0.175525	0.00494143	0.0965634	0.0489852	0.0564998	0.0400311	0.0645503	0.0166451	0.0447902	0.00302393	0.082268	0.0260986	0.0452201	0.00189649	0.102511	
0.00988734	4.63252e-06	0.00986398	0.00331793	0.0991931	0.0268151	0.00813213	0.140552	0.00163219	0.277457	0.0605455	0.0141842	0.00585432	0.00104019	0.00341867	0.0196148	0.130869	0.05879	0.040184	0.088644	
0.00539986	0.00294127	0.00492385	0.00121924	0.13865	0.0136199	2.2775e-05	0.0236237	0.000194983	0.0966404	0.0107063	0.00683995	0.0102824	0.00702483	0.00291429	0.126517	0.355559	0.00420983	0.0672861	0.121424	
0.0244404	3.05574e-05	0.00731591	0.00680311	0.0138889	0.015256	0.0822342	0.168702	0.195146	0.064452	0.0955754	0.0393396	0.0572263	0.0402559	0.045903	0.0286882	0.0442324	0.042716	0.00538351	0.0224099	
0.0814004	0.000886805	0.0023391	0.0090013	0.0593138	0.045612	0.00153574	0.0284421	0.00242239	0.276339	0.231917	0.00302439	0.00874323	1.11293e-06	0.0172025	0.148673	0.0205761	0.0261974	0.0048339	0.0315392	
0.0101764	0.00994646	0.0121884	0.0457504	0.145437	0.0369427	8.78189e-08	0.0230106	0.00103905	0.217387	0.0257784	0.0331187	0.0541389	0.021212	0.0463118	0.0598583	0.119808	0.0832441	0.0191457	0.0355063	
0.0282079	0.00947566	0.0263398	0.0276185	0.0713266	0.0234469	0.00286463	0.0108629	0.00100151	0.106562	0.131822	0.0344536	0.0964266	0.0372804	6.3466e-05	0.0245532	0.050586	0.0283126	0.0787756	0.21002	
0.0166098	1.9391e-05	0.00850096	0.0096153	0.0711556	0.0170296	0.000314381	0.0500388	0.117711	0.0676089	0.107371	0.0820047	0.0204828	0.0779792	0.089039	0.114397	0.0763004	0.00691549	0.0185791	0.048327	
0.0822126	0.00407591	0.103236	0.000696879	0.139382	0.00828345	0.0224008	0.0717341	0.0045139	0.0369335	0.0600101	0.00546088	0.0530097	0.0457225	0.00178804	0.11753	0.136512	0.00370973	0.00151836	0.10127	
0.0151168	0.00126314	3.55348e-05	0.00395049	0.087476	0.0188892	0.0597639	0.18725	0.0313133	0.0913542	0.00957965	0.0761329	0.000125622	0.0388782	0.0145306	0.0136112	0.0400247	0.147245	0.00561326	0.157847	
0.0154319	0.160622	0.000473768	0.00365125	0.0705759	0.0642008	0.012222	0.0234458	0.00312384	0.36255	0.0356262	0.00940458	0.0406065	0.0115658	0.00489988	0.0674721	0.00294862	0.0931089	0.00759818	0.0104719	
0.0266358	0.00902939	4.98994e-05	0.0846338	0.0917909	0.0345866	5.21643e-06	0.053829	0.0377747	0.16423	0.00983246	0.00167799	0.00553198	0.066982	0.00666944	0.0760504	0.139079	0.0938627	0.0725014	0.0252471	
0.0794948	0.0019536	0.00075011	0.0318643	0.198443	0.0269041	0.000868319	0.0835378	5.05738e-05	0.0683196	0.0651448	0.0234598	0.0123175	0.0104146	0.000582842	0.145119	0.104264	0.0448818	0.0139951	0.0876348	
0.0711986	2.05679e-05	0.0117012	0.00497613	0.206901	0.0424787	0.0129093	0.0918	0.014471	0.153098	0.0121712	0.0725652	0.0993332	0.0110933	0.00203763	0.0324908	0.012938	0.0220499	0.0286206	0.0971451	
0.0497377	0.00381867	0.000622619	0.0191962	0.0811249	0.012828	0.0406465	0.00648605	0.00111448	0.130307	0.0751327	0.122113	0.000200879	0.0124863	0.0100973	0.134715	0.0756766	0.167594	0.0544797	0.00162312	
0.00883145	0.0559347	0.000722066	0.000171147	0.262053	0.0887234	0.0091691	0.0842892	0.00531239	0.207512	0.186024	0.00209631	0.00314371	0.00180664	0.00521445	0.00782153	0.0033948	0.0254717	0.0218482	0.0204598	
0.261719	2.65441e-05	2.94889e-06	0.00142676	0.00728326	0.0380245	1.07643e-07	0.0678696	0.00421606	0.0299165	7.79168e-05	0.0950767	0.114654	0.000610867	0.0113221	0.226416	0.0236764	0.0492972	0.0650664	0.00331663	
0.0431152	0.00528295	0.00713787	0.00208208	0.13758	0.0509374	0.144671	0.144902	0.00356829	0.078574	0.00521596	0.00586225	0.0207	0.0471021	3.43482e-06	0.0765082	0.0263245	0.179839	0.00743217	0.0131612	
0.0230374	0.00484098	0.000799385	0.00724636	0.217077	0.0163759	0.0022988	0.036717	0.000131544	0.0731101	0.232517	0.112405	0.0395586	7.83124e-05	0.0171209	0.0251337	0.00122164	0.0312969	0.00235195	0.156682	
0.0374737	0.00360355	0.0219718	0.00130641	0.100965	0.00304966	0.21525	0.0459256	0.0511558	0.111689	0.0127234	0.033825	0.122861	0.0274214	0.00987168	0.11425	0.0321539	0.0209011	0.025487	0.00811485	
0.00625972	1.81077e-08	0.0281959	0.00935606	0.134818	0.0460573	0.0223431	0.227942	1.50833e-05	0.313575	0.03913	0.00914744	0.0280756	0.0210724	0.000221636	0.0298244	0.0250721	0.0502525	0.00760731	0.0010343	
0.015018	0.00157102	0.00310925	0.00185514	0.191796	0.0298372	0.00489651	0.161955	0.00372825	0.115567	0.0274325	0.00321037	0.0219672	6.4375e-06	0.000119779	0.102879	0.142118	0.0668362	0.00104366	0.105054	
0.00234942	0.0479307	0.0527429	0.000847362	0.0464426	0.00602065	0.00107695	0.0187542	0.0469268	0.188929	0.00835171	0.104546	0.0276587	0.0121605	4.08361e-06	0.121505	0.0827999	0.127479	0.0110598	0.0924141	
0.129388	0.00376436	0.00232822	0.00999388	0.0820944	0.0156345	0.0514861	0.215979	0.0123751	0.120442	0.0664237	0.0918153	0.0143248	0.000108451	2.69073e-05	0.0592419	0.00852592	0.0294178	0.0451358	0.0414938	
0.00566284	0.00142347	0.000728202	0.0268608	0.0308193	0.0161437	0.049779	0.0613306	0.0316409	0.151214	0.0253062	0.0398593	0.050735	0.0880902	0.137937	0.0661046	0.0942246	0.0842024	0.00178543	0.0361518	
0.0136118	0.00365913	0.00766996	0.0230615	0.341633	0.00598601	0.0156343	0.0452456	0.0249464	0.123088	0.0330054	0.0530202	0.00989607	0.00278171	0.0273425	0.0362562	0.0274274	0.0589133	0.00387179	0.14295	
0.00239815	0.00168665	1.02699e-05	0.0636013	0.131142	0.021954	0.00683559	0.0685503	0.00362768	0.110844	0.0623624	0.0124601	0.00463504	0.0455072	0.011468	0.2695	0.0392423	0.00306831	0.0859495	0.0551569	
0.131383	0.0523644	0.00363957	0.0484072	0.132549	0.0580013	1.18904e-05	0.0695254	0.00210628	0.156534	0.0220897	0.0115435	0.019621	0.00190787	0.00827978	0.120064	0.0176738	0.101764	0.00645476	0.0360797	
0.0337634	0.00967324	0.0226166	0.0172317	0.0393166	0.0574188	0.122093	0.0451984	0.018112	0.234716	0.0590105	0.106334	0.00745701	0.00245206	0.000459542	0.0934322	0.0134519	0.0751193	0.0289077	0.0132356	
0.025348	0.0420935	0.034307	0.0008623	0.073543	0.00016624	0.0278235	0.0147308	0.0200775	0.103716	0.0170655	0.0519967	2.61021e-05	0.123946	0.00165276	0.144561	0.160826	0.0173332	0.0577581	0.082167	
0.0418503	0.0687191	0.00553465	0.0271146	0.023813	0.075333	0.00890893	0.0896587	0.0900615	0.175293	0.00437649	0.0123359	0.008584	0.0174778	3.08154e-05	0.210635	0.0460225	0.0667532	0.0173501	0.0101475	
0.0028249	0.00402729	0.0318732	0.00144816	0.0418886	0.0332695	0.122424	0.0773995	0.000960491	0.0154969	0.000473726	0.0366802	0.000167668	0.0987388	8.5327e-06	0.00691801	0.0511667	0.444008	0.00282155	0.0274044	
0.00782393	1.6051e-06	0.00219426	0.00330759	0.225607	0.0355511	0.0345272	0.067625	0.00332314	0.0392356	0.0342079	0.022815	0.00770696	0.031146	0.0419836	0.203845	0.0413855	0.146155	0.00307862	0.04848	
0.0340626	0.0247996	0.00988772	0.0142825	0.0870701	0.0443911	0.00663714	0.130873	0.0202458	0.0639002	0.125449	0.0665699	0.00198354	0.0051803	0.00192853	0.13889	0.0322052	0.028773	0.0372963	0.125575	
0.0178493	4.64913e-05	0.00079692	0.0181546	0.0490692	0.0184456	0.007569	0.0620368	0.000130413	0.216251	0.0313701	0.0931075	0.00720121	0.00702086	0.000650231	0.249083	0.0292093	0.159247	0.0133272	0.0194338	
0.00975236	0.0191493	0.00151751	0.0138712	0.0502785	0.0773374	0.108937	0.105804	0.152079	0.0520282	0.00775976	0.11561	6.11042e-05	0.0157381	0.0703332	0.0786838	0.0725877	0.0343421	0.000125223	0.0140038	
0.00931647	0.00258202	0.0106252	0.0057092	0.265049	0.025054	0.0525832	0.128756	0.0324488	0.0533339	0.00857845	0.039537	0.025812	0.000173008	6.2349e-05	0.0480409	0.0122832	0.141073	0.0102871	0.128695	
0.0273154	0.00414915	0.072738	0.00398426	0.0236914	0.00724406	0.0139377	0.0248298	0.0201105	0.0302537	0.00630794	0.0530583	5.73835e-05	0.00147617	0.0274692	0.361854	0.229973	0.0187273	0.0270681	0.0457544	
0.00026439	0.0163158	0.065629	0.000818229	0.244604	0.192318	0.00132511	0.0438741	0.0030214	0.174731	0.004166	0.0239509	0.00592536	0.00448071	0.0182554	0.0879636	0.0219564	0.0544097	1.32387e-05	0.0359778	
0.0637298	1.56215e-05	0.00550056	0.0074517	0.0699537	0.187262	0.0100545	0.101207	0.00508035	0.171566	0.0494945	0.000109043	8.05953e-05	7.02373e-06	0.00104635	0.087988	0.0100516	0.00866868	0.137772	0.082962	
0.0457277	6.94128e-05	0.0859056	0.0146293	0.231302	0.0780962	4.27635e-09	0.00410193	0.00585441	0.0502495	0.00270858	0.0155164	0.00445148	0.0195207	0.0425814	0.0661639	0.166783	0.0441294	0.102318	0.0198909	
0.0288768	0.000412673	0.0066833	0.0676409	0.217801	0.0665886	0.0174378	0.0963995	0.00216745	0.0561634	0.0580747	0.117075	0.00100508	0.000228376	0.012269	0.100617	0.0732555	0.0128376	0.0576133	0.00685393	
0.0346231	1.25351e-07	1.1832e-05	0.00407203	0.0331282	0.0195143	0.068343	0.0785774	0.0297285	0.216674	0.0237578	0.063633	0.00373282	0.0683335	0.0232751	0.032031	0.0391807	0.15427	0.0311674	0.0759462	
0.108821	0.00468391	0.0116072	0.00965258	0.0452937	0.00483862	0.0176939	0.0504126	0.00836342	0.0862664	0.00318995	0.0107369	0.00405575	0.0102477	0.00159968	0.540069	0.0165675	0.0262094	0.0349929	0.00469844	
0.0041428	0.00366065	0.00123128	0.00311881	0.0633617	0.0271533	0.00585273	0.0465878	0.00242634	0.0685824	0.0191047	0.0489145	0.00437894	0.000567214	0.0882748	0.131366	0.208859	0.0662408	0.180504	0.0256725	
0.0972959	0.0272313	0.00121979	0.00217768	0.0342072	0.00015654	0.00704695	0.0442652	0.00506737	0.0326771	0.000938803	0.0369674	0.000601383	0.102701	0.0199723	0.111729	0.31235	0.106845	0.0542428	0.0023066	
0.0159422	0.0045262	0.025959	0.00516358	0.0469633	0.0646743	0.00183113	0.136175	0.173564	0.102282	0.00103422	0.0176066	0.00225846	0.0281395	0.0718512	0.0682766	0.0943621	0.0369351	0.0460736	0.0563818	
0.136317	0.00646046	8.86071e-05	0.000129839	0.287988	0.00717594	3.66105e-05	0.0828383	0.0366338	0.0966135	0.0220352	0.0560576	0.00886406	0.000129774	0.00027017	0.022757	0.00756747	0.0196614	0.028707	0.179668	
0.0184423	0.0502003	0.000246124	0.000788959	0.150759	0.0564007	0.00758762	0.091276	0.00356425	0.213717	0.0175137	0.0133275	0.00910633	0.000227003	0.000160228	0.0507528	0.103196	0.11849	0.0325438	0.0616996	
0.0308576	0.023568	0.0443819	0.0662846	0.0309193	0.184052	0.0048324	0.0549037	0.0519545	0.0837995	0.231214	0.0110521	0.0154004	0.0143795	0.00297411	0.112638	0.00709747	0.0193663	0.00105702	0.00926754	
0.000152294	0.00643546	0.021375	0.00751556	0.08123	0.014276	0.00536668	0.2839	0.0070811	0.193413	0.00451748	0.168312	0.0544802	5.23912e-05	0.012623	0.0801726	0.00674168	0.00549965	0.0311941	0.0156616	
0.0242488	4.94206e-05	0.00470807	0.00451884	0.040232	0.155526	0.0141354	0.180599	0.00524013	0.0281418	0.00261032	0.191499	0.006867	0.0306768	0.0469398	0.0493775	0.00516246	0.0513955	0.0978756	0.0601961	
0.110515	0.00539172	5.71172e-06	0.000128088	0.151315	0.00137842	2.70315e-05	0.055623	0.0481379	0.142366	0.0508487	0.0540347	0.00347908	0.00078675	0.00207484	0.127526	0.0913057	0.0330855	0.10663	0.0153412	
0.043212	0.00455706	0.00294865	0.0190433	0.0591543	0.0269425	0.000171551	0.306751	0.0250032	0.0817439	0.005948	0.0968607	0.0237735	0.0245224	0.00746658	0.176674	0.0523435	0.00339257	0.00486359	0.0346284	
0.024523	0.0139414	0.00103773	0.00138457	0.0434029	0.0306668	0.0306093	0.219302	0.00140744	0.273137	0.123645	0.0218732	0.00434296	0.00277602	0.00396459	0.0048948	0.0869972	0.0519694	0.000327935	0.0597965	
0.0489915	2.43999e-05	0.000675246	0.0482932	0.109284	0.130976	0.0285554	0.0434755	0.00869739	0.198463	0.000422677	0.139293	0.00416715	0.0204914	0.0670909	0.00685715	0.0414303	0.0220119	0.02885	0.0519499	
0.0280039	0.00793433	0.000611848	0.00491888	0.177753	0.0528391	0.0242356	0.133778	0.00327164	0.175325	0.0399437	0.00655482	0.00176008	0.0482608	0.000251754	0.0255569	0.1095	0.0802264	0.000613516	0.0786612	
0.00874698	0.00196178	0.000342694	0.0592047	0.0892141	0.00743813	0.00253149	0.162516	0.000371389	0.0716674	0.0556725	0.0250189	0.00839352	0.000470742	0.00814282	0.125012	0.102389	0.189013	0.000510176	0.0813832	
0.0351374	0.00399494	0.00788082	0.0138027	0.0936655	0.0986124	0.000314638	0.00682465	0.0179975	0.0172906	0.00412441	0.0499305	0.0183567	0.0406274	0.0044419	0.343531	0.131278	0.0175526	0.0507869	0.0438493	
0.0189382	0.00370342	0.00541301	0.000778906	0.236996	0.0301019	0.0310105	0.104322	0.017311	0.308575	0.0350132	0.000666406	0.000644518	0.00569409	0.076282	0.0263822	0.0337941	0.0523794	0.00346831	0.00852585	
0.0349973	0.0633075	6.28915e-06	0.0229978	0.0458181	0.0455479	6.1115e-05	0.112875	0.0319343	0.0958032	0.125344	0.0139908	5.18892e-05	0.00990053	0.000620616	0.0771652	0.0782341	0.182384	0.00411813	0.0548419	
0.0508083	0.000763203	0.0117781	0.0328944	0.170351	0.0152312	3.3124e-05	0.0825654	2.03991e-05	0.251557	0.0267548	0.013712	0.00488446	0.00145246	0.000128365	0.0513163	0.169075	0.0746415	0.0128773	0.0291561	
0.0421184	0.000487454	0.0100043	0.000543198	0.0630634	0.0573943	0.00779009	0.395536	0.00615045	0.0594176	0.0949223	0.0153576	0.000163281	0.0377589	0.000142961	0.0396443	0.000582668	0.0446166	0.0254782	0.0988281	
0.170932	0.0276016	0.0480077	0.0926657	0.0463556	0.0075462	0.00558199	0.109363	0.0226185	0.0446472	0.125847	0.0169463	7.46229e-06	6.72881e-05	0.00122783	0.0786664	0.0882836	0.0852903	0.0229218	0.00542221	
0.0124996	0.000627317	0.0108602	0.00092899	0.216723	0.0330615	3.08172e-06	0.0150979	0.0592565	0.103025	0.000101377	0.183231	0.00656185	0.000551162	0.00087486	0.0650111	0.00164158	0.194274	0.0585509	0.0371188	
0.0500849	4.52605e-07	0.00724686	0.0171143	0.189073	0.028844	0.0238811	0.0709317	0.0464925	0.138605	0.0459708	0.000468317	0.0699329	0.0104728	1.40862e-05	0.18172	0.0593568	0.0376873	0.000638283	0.0214649	
0.0333682	1.35865e-06	0.100306	0.104275	0.057501	0.00294844	6.42975e-07	0.0559739	0.10019	0.14452	0.0199026	0.0462227	0.00186886	0.0524322	0.024115	0.0726142	0.0697828	0.051448	0.016202	0.0463278	
0.0582399	0.000226665	0.00573947	0.00831998	0.0328811	0.00114872	0.0562537	0.187644	0.163561	0.124462	0.00491809	0.065556	0.0443447	0.0044946	0.0438056	0.0482678	0.00823155	0.0795569	0.0116261	0.0507226	
0.111916	0.00234159	0.0291747	0.000706865	0.0493677	0.047692	0.00735014	0.126813	0.000814224	0.100438	0.0187506	0.128888	0.0610787	6.21852e-06	0.0265694	0.129084	0.0861884	0.0437531	0.00302736	0.0260397	
0.0229936	0.00399231	0.000156839	0.0994197	0.109546	0.175255	0.029263	0.0749771	5.68718e-05	0.0792452	0.0313559	0.0915616	0.00594599	0.00889515	6.67527e-05	0.0106315	0.0421269	0.109324	0.0918763	0.01331	
0.0322603	0.000462984	0.00739137	0.119147	0.0760262	0.0299218	0.00583603	0.0557534	0.0182381	0.0800227	9.76066e-05	0.0406976	0.0265142	0.000755883	0.016767	0.406012	0.0116617	0.0175717	0.0145375	0.0403244	
0.0374902	0.0412273	5.61318e-06	0.0698013	0.123426	0.00289375	0.0584263	0.101076	0.00325811	0.0322473	0.0382596	0.231381	3.08974e-05	0.0648335	0.000171937	0.0800764	0.028111	0.011705	0.0273734	0.0482056	
0.0384243	7.61053e-05	0.0353255	0.0033645	0.027077	0.00907637	0.0241316	0.160698	0.0321003	0.107794	0.0043843	0.0436175	0.0125288	0.179435	0.0286567	0.0622752	0.0906588	0.0989627	0.00701268	0.0343998	
0.0140545	0.00605704	3.48012e-07	0.0636105	0.148269	0.0176477	0.0888412	0.0481833	0.0578148	0.133452	0.0170313	0.164614	0.0438558	3.73852e-05	7.23385e-05	0.12779	0.00381367	0.00170988	0.0144845	0.0486607	
0.0169778	0.0559526	0.00365101	0.0380714	0.131476	0.0149711	0.0224548	0.200461	0.0180508	0.0510054	0.0138157	0.0192256	0.00125784	0.0349691	0.000779557	0.201754	0.0679939	0.0567962	0.0150647	0.0352722	
0.0282401	0.00154252	0.00319946	0.0193414	0.0353995	0.00978958	0.0576714	0.152858	0.0114633	0.0545691	0.0164422	0.101885	0.0488076	0.00731702	0.0128642	0.20204	0.0867522	0.0433052	0.00555122	0.100961	
0.0190245	0.027606	0.048498	0.00443632	0.0169037	0.118008	0.00273512	0.0343163	0.000239021	0.231631	0.0574929	0.00243127	2.23109e-05	0.000339856	0.00114537	0.328899	0.0455792	0.0376798	0.0103901	0.0126215	
0.0487597	0.0168442	0.0251158	0.0116753	0.0535256	0.0103616	0.0025047	0.214078	0.0257269	0.116773	0.0339201	0.0625971	0.0169191	0.00667965	0.0892123	0.102882	0.0293503	0.0797819	0.0183337	0.0349583	
0.025018	1.6576e-08	0.000114463	0.0198839	0.249083	0.0173018	0.024423	0.0914418	0.0716907	0.260477	0.010964	0.00889332	2.8342e-07	0.00917992	0.0239178	0.0190113	0.02936	0.0125345	0.00840269	0.118303	
0.0493492	0.0434568	0.011046	0.00265262	0.0779484	7.70494e-05	0.00535682	0.191539	0.0192003	0.0667507	0.0154277	0.0925245	0.0855802	0.0339143	0.00395977	0.100209	0.0327218	0.0943507	0.0516955	0.0222393	
0.00499136	0.0167016	0.000912208	0.0161545	0.0242471	0.212335	0.000579148	0.13317	0.0166427	0.0724269	0.0145625	0.127538	0.0373112	0.0013639	0.00150074	0.108262	0.0663423	0.023798	0.0794815	0.0416792	
0.00902944	0.0118644	0.00108868	0.0126622	0.0763638	0.0512625	0.0120913	0.033005	0.079462	0.115003	0.0815366	0.089477	0.00432042	0.0232264	0.00835856	0.0456276	0.160227	0.0943525	0.0360675	0.0549742	
0.0259527	0.00692196	0.00794188	0.0175084	0.191652	0.0831118	0.045559	0.0464351	0.00431493	0.00614895	0.0147911	0.0406807	0.000499562	0.0734336	0.000467789	0.168194	0.0288047	0.0416943	0.0446737	0.151213	
0.0174717	0.00139141	0.000610861	0.0446941	0.168697	0.119091	0.00127336	0.0206723	0.108533	0.0222212	0.0268402	0.152756	0.0294429	1.28018e-06	0.000161139	0.0990639	0.0170483	0.0492415	0.0687451	0.0520428	
0.0440651	4.80884e-05	0.0815405	0.0241853	0.0476125	0.13347	0.000449242	0.150046	0.000202963	0.0714482	0.0102769	0.101011	0.0409081	0.00106122	0.00300042	0.0773252	0.123094	0.0846687	0.00265856	0.00292781	
0.0906323	1.233e-07	0.0158433	0.0348975	0.268246	0.12392	0.0131663	0.111074	0.00116547	0.18235	0.00196896	0.0741872	0.00911005	0.00504918	0.00186703	0.00445452	0.0213151	0.0302544	0.00845763	0.00204059	
0.0158987	0.10597	2.57063e-05	0.0194892	0.0524368	0.00601343	0.00439254	0.0272251	0.00244076	0.300018	0.023804	0.10327	0.000512669	0.0115735	0.00302286	0.131569	0.0479047	0.0620049	0.00746048	0.0749675	
0.195326	0.0506289	0.0307072	0.0517136	0.0356401	0.0496581	9.19641e-05	0.0524446	0.0101394	0.162995	0.0106945	0.0630678	0.006171	0.0088648	0.00577023	0.112208	0.0850161	0.0449217	2.82751e-06	0.0239373	
0.0167222	0.0288093	0.0801362	0.0189596	0.0547517	0.0342986	0.0158107	0.052912	0.0438344	0.214581	0.0172532	0.0309253	0.0799866	0.00049156	5.5543e-06	0.0410288	0.0473666	0.107782	0.0470724	0.0672718	
0.0573904	0.0185765	0.0169936	0.0855059	0.126006	0.00340094	0.000894283	0.20503	0.00804475	0.0796905	0.008401	0.0339932	2.0558e-06	0.0111194	0.00103686	0.10216	0.000298102	0.0161821	0.000118075	0.225156	
0.00122182	0.000616422	0.00127634	0.0581041	0.0530659	0.0310469	5.73599e-05	0.0889471	0.0945536	0.053437	0.0740653	0.127514	0.144096	0.00478104	1.80574e-05	0.115063	0.0423016	0.0270559	0.018156	0.0646229	
0.0254048	0.0124794	0.00181907	0.0258655	0.109435	0.119977	0.00765506	0.0971362	0.0462602	0.0649699	0.00013798	0.0074658	0.00245137	0.00168989	0.010254	0.0840514	0.0757162	0.0628721	0.143047	0.101311	
0.162602	1.08334e-05	1.10188e-05	0.0114733	0.017612	0.00547883	0.0330857	0.141068	0.0211744	0.0287678	0.153959	0.0681195	0.0073368	0.00626398	0.00637232	0.196479	0.0224248	0.00184042	0.00430434	0.111616	
0.00219308	0.00176531	2.94691e-07	0.249643	0.227223	0.0141931	0.0233513	0.0854585	0.0555502	0.0337488	0.0430093	0.0134237	0.00249425	0.00805582	0.000762237	0.0648373	0.0418206	0.070351	0.00983833	0.0522806	
0.0149643	0.00663355	0.0186143	0.00698301	0.0123892	0.0554226	0.0738	0.40088	0.00944324	0.137799	0.0071828	0.0212316	0.00744534	6.00985e-05	2.54941e-06	0.0634401	0.0542998	0.0557273	0.0216645	0.0320167	
