CATGTRSBDP
1	-1	10244
1
1.8
0	0
0	0
../../../fasta_sequences/alignments/concatenated_noguidance/concatenated_noguidance.phy
4
0
Universal

0
0
0
None
0
10	0
0
((((((((NC014888_PORI_Osca_tube:0.013345808715486,NC014856_PORI_Osca_viri:0.00767947659321709):0.095325934231447,(NC014884_PORI_Plak_mono:0.0286032642781023,NC014860_PORI_Plak_jani:0.0533837841433787):0.182571882857825):0.0629507044745098,(((NC010203_PORI_Aply_fulv:0.147268334245651,(NC010212_PORI_Hali_duja:0.0322914483924121,NC010208_PORI_Chon_sp:0.0427434507520339):0.0988591409522392):0.0574909725982875,((NC013662_PORI_Irci_stro:0.0429685488023267,NC010218_PORI_Vace_GW94:0.0607558248784182):1.04455036388035,NC010216_PORI_Iger_nota:0.435512226169952):0.191857200247395):0.013963514436935,(NC010201_PORI_Amph_comp:0.218546022804794,(NC016431_PORI_Euna_subt:0.109744683130618,(((NC023834_PORI_Poly_litt:0.0828130354370102,((NC010207_PORI_Iotr_biro:0.235358293720287,NC006991_PORI_Teth_acti:0.100155744837767):0.0151081111453529,NC010496_PORI_Sube_domu:0.194232690291738):0.0234486155041437):0.0182471959674923,NC006990_PORI_Geod_nept:0.227851362329775):0.0070928371746792,NC006894_PORI_Axin_corr:0.124890563056671):0.0153131361378698):0.0484679984536853):0.0220831965647049):0.107797251445308):0.0775161910174901,(((((NC028054_PORI_Vaze_pour:0.15576514319414,NC027419_PORI_Oops_minu:0.169984076983139):1.04624841432295,(((LN898114_CTEN_Coel_yuli:0.0750096936188856,LN898113_CTEN_Coel_loya:0.0376405435387682):0.838740897377628,LN898115_CTEN_Vall_mult:1.53550402973266):0.316799319175149,((NC016117_CTEN_Mnem_leid:0.930027688896712,JN392469_CTEN_Pleu_bach:1.51017108637467):0.428353716234183,(MG655622_CTEN_Bero_fors:0.00252130891881261,(MG655623_CTEN_Bero_fors:0.0123170713909913,MG655624_CTEN_Bero_fors:0.00307071006461447):0.00200777615587506):1.27084233293237):2.56482889678008):10.2581321323986):0.413589546121228,((((KY778696_ARTH_Phot_pyra:1.01117164018334,NC020030_PRIA_Hali_spin:0.731125974643941):0.124957861726574,NC005306_EUAR_Varg_hilg:2.20828717797268):0.14792010582332,(NC007893_MOLL_Wata_scin:0.97007108305914,NC034783_ANNE_Pont_core:0.797315827296294):0.195436214439531):0.567270086126215,(((NC040151_ECHI_Ophi_anta:1.18244681064882,NC001453_ECHI_Stro_purp:0.710654458444001):0.22405270055373,((NC012761_CHOR_Gala_sene:0.412865992144389,NC031810_CHOR_Etmo_pusi:0.299117630895533):0.258780349086794,NC000834_CHOR_Bran_flor:0.68874662070418):0.136548645455726):0.0602138462161551,NC008556_XENA_Xeno_bock:1.0528794291044):0.0551498740283473):0.949085413026142):0.0308064191068233,(AF538053_CHOA_Mono_brev:0.581159905779154,((NC006837_FUNG_Zanc_culi:1.26243012798005,NC006836_FUNG_Rhiz_oryz:0.387273463140916):0.14031211009168,((NC003052_FUNG_Spiz_punc:0.472732403633791,NC003053_FUNG_Rhiz_gram:1.15255160126334):0.93728732661474,(NC011360_FUNG_Blas_emer:0.0697018029925066,NC001715_FUNG_Allo_macr:0.108473075173492):0.383286560372563):0.147873599838319):0.464683425863478):0.231989727137423):0.0330265699851639,((NC008832_PLAC_Plac_sp:0.0268991662776146,(NC015309_PLAC_Plac_sp:0.0055612854707507,NC008833_PLAC_Plac_sp:0.0042141386591456):0.0612030566664162):0.0617016090099039,(NC008151_PLAC_Tric_adha:0.0265143838273371,NC008834_PLAC_Plac_sp:0.0455417225918421):0.0322184507207558):0.686249220415349):0.0537207267540067):0.059230130584819,(NC018378_CNID_Reni_muel:0.0330558686380527,(NC035665_CNID_Eugo_muta:0.0200443220883513,NC035667_CNID_Euni_cavo:0.0191940244166352):0.0390969321504777):0.419001631285544):0.0914543028608434,NC030337_CNID_Hali_anta:0.720930688441861):0.0591730939248764,((NC008446_CNID_Aure_auri:0.141470577562752,(NC035740_CNID_Nemo_nomu:0.154559931273659,NC016466_CNID_Cass_fron:0.355327324847114):0.0577575321147417):0.0968734648819372,NC020459_CNID_Chry_quin:0.258437578926476):0.36929793580075):0.0995318392499607,(NC018537_CNID_Cras_sowe:0.199624494504681,NC016467_CNID_Cuba_aphr:0.195831421395033):0.157157655180814,NC021406_CNID_Hydr_sine:1.2989197555204);
((((((((NC014888_PORI_Osca_tube:0.013345808715486,NC014856_PORI_Osca_viri:0.00767947659321709):0.095325934231447,(NC014884_PORI_Plak_mono:0.0286032642781023,NC014860_PORI_Plak_jani:0.0533837841433787):0.182571882857825):0.0629507044745098,(((NC010203_PORI_Aply_fulv:0.147268334245651,(NC010212_PORI_Hali_duja:0.0322914483924121,NC010208_PORI_Chon_sp:0.0427434507520339):0.0988591409522392):0.0574909725982875,((NC013662_PORI_Irci_stro:0.0429685488023267,NC010218_PORI_Vace_GW94:0.0607558248784182):1.04455036388035,NC010216_PORI_Iger_nota:0.435512226169952):0.191857200247395):0.013963514436935,(NC010201_PORI_Amph_comp:0.218546022804794,(NC016431_PORI_Euna_subt:0.109744683130618,(((NC023834_PORI_Poly_litt:0.0828130354370102,((NC010207_PORI_Iotr_biro:0.235358293720287,NC006991_PORI_Teth_acti:0.100155744837767):0.0151081111453529,NC010496_PORI_Sube_domu:0.194232690291738):0.0234486155041437):0.0182471959674923,NC006990_PORI_Geod_nept:0.227851362329775):0.0070928371746792,NC006894_PORI_Axin_corr:0.124890563056671):0.0153131361378698):0.0484679984536853):0.0220831965647049):0.107797251445308):0.0775161910174901,(((((NC028054_PORI_Vaze_pour:0.15576514319414,NC027419_PORI_Oops_minu:0.169984076983139):1.04624841432295,(((LN898114_CTEN_Coel_yuli:0.0750096936188856,LN898113_CTEN_Coel_loya:0.0376405435387682):0.838740897377628,LN898115_CTEN_Vall_mult:1.53550402973266):0.316799319175149,((NC016117_CTEN_Mnem_leid:0.930027688896712,JN392469_CTEN_Pleu_bach:1.51017108637467):0.428353716234183,(MG655622_CTEN_Bero_fors:0.00252130891881261,(MG655623_CTEN_Bero_fors:0.0123170713909913,MG655624_CTEN_Bero_fors:0.00307071006461447):0.00200777615587506):1.27084233293237):2.56482889678008):10.2581321323986):0.413589546121228,((((KY778696_ARTH_Phot_pyra:1.01117164018334,NC020030_PRIA_Hali_spin:0.731125974643941):0.124957861726574,NC005306_EUAR_Varg_hilg:2.20828717797268):0.14792010582332,(NC007893_MOLL_Wata_scin:0.97007108305914,NC034783_ANNE_Pont_core:0.797315827296294):0.195436214439531):0.567270086126215,(((NC040151_ECHI_Ophi_anta:1.18244681064882,NC001453_ECHI_Stro_purp:0.710654458444001):0.22405270055373,((NC012761_CHOR_Gala_sene:0.412865992144389,NC031810_CHOR_Etmo_pusi:0.299117630895533):0.258780349086794,NC000834_CHOR_Bran_flor:0.68874662070418):0.136548645455726):0.0602138462161551,NC008556_XENA_Xeno_bock:1.0528794291044):0.0551498740283473):0.949085413026142):0.0308064191068233,(AF538053_CHOA_Mono_brev:0.581159905779154,((NC006837_FUNG_Zanc_culi:1.26243012798005,NC006836_FUNG_Rhiz_oryz:0.387273463140916):0.14031211009168,((NC003052_FUNG_Spiz_punc:0.472732403633791,NC003053_FUNG_Rhiz_gram:1.15255160126334):0.93728732661474,(NC011360_FUNG_Blas_emer:0.0697018029925066,NC001715_FUNG_Allo_macr:0.108473075173492):0.383286560372563):0.147873599838319):0.464683425863478):0.231989727137423):0.0330265699851639,((NC008832_PLAC_Plac_sp:0.0268991662776146,(NC015309_PLAC_Plac_sp:0.0055612854707507,NC008833_PLAC_Plac_sp:0.0042141386591456):0.0612030566664162):0.0617016090099039,(NC008151_PLAC_Tric_adha:0.0265143838273371,NC008834_PLAC_Plac_sp:0.0455417225918421):0.0322184507207558):0.686249220415349):0.0537207267540067):0.059230130584819,(NC018378_CNID_Reni_muel:0.0330558686380527,(NC035665_CNID_Eugo_muta:0.0200443220883513,NC035667_CNID_Euni_cavo:0.0191940244166352):0.0390969321504777):0.419001631285544):0.0914543028608434,NC030337_CNID_Hali_anta:0.720930688441861):0.0591730939248764,((NC008446_CNID_Aure_auri:0.141470577562752,(NC035740_CNID_Nemo_nomu:0.154559931273659,NC016466_CNID_Cass_fron:0.355327324847114):0.0577575321147417):0.0968734648819372,NC020459_CNID_Chry_quin:0.258437578926476):0.36929793580075):0.0995318392499607,(NC018537_CNID_Cras_sowe:0.199624494504681,NC016467_CNID_Cuba_aphr:0.195831421395033):0.157157655180814,NC021406_CNID_Hydr_sine:1.2989197555204);
1
2.47175
0.504065
3185
42.631
0.962601	0.296045	0.43805	0.305952	1.98748	0.896904	0.359853	1.5723	0.331919	2.48661	0.729927	0.776418	0.362988	0.31785	0.324134	1.43218	0.850625	1.16603	0.579851	0.954885	

1.55502	0.698353	1.64104	0.186275	5.74918	0.143664	0.21335	0.645377	0.298153	1.09235	0.118366	2.01046	1.43727	0.134044	6.53452	6.99338	6.78326	0.0925238	0.0838847	0.127401	0.404148	0.812595	1.05423	0.509652	1.03386	0.01351	0.986789	0.735723	0.647459	0.213823	0.285347	1.01163	4.35901	1.07813	1.23366	1.12703	0.629762	8.58244	0.0103395	0.415454	1.08296	0.0193752	0.536058	0.212768	0.0149575	3.40699	0.0545108	0.426245	0.0960935	0.276782	0.0758476	0.110541	0.113199	0.272299	0.0223277	0.882125	0.529417	0.189476	0.932948	0.0779075	0.423892	0.923468	0.275313	3.4905	1.09476	0.73467	0.997924	0.489563	0.0286941	0.0398674	0.0371927	0.0683347	0.428695	0.394134	1.46597	0.533323	0.240586	0.0974506	0.021645	0.0965636	0.26895	0.185232	0.282124	0.408518	3.56639	0.218851	0.0617786	0.703541	0.120736	0.063916	0.892447	0.323104	0.449676	0.27708	2.29331	0.547275	0.686997	0.177719	0.0260992	0.0106922	0.0729375	0.0964086	0.353519	2.64208	0.589562	5.26004	1.33938	0.399095	0.874355	0.124973	0.406668	2.97828	0.194034	2.65985	3.60281	0.214661	0.333841	0.0760158	0.597592	0.15644	2.19175	13.0918	0.30146	0.355552	0.119359	0.83963	1.6225	0.286684	2.55657	10.0011	0.679207	0.804061	0.342908	0.158687	0.216445	3.35106	0.292215	0.160876	1.06461	0.0671784	0.35369	0.585734	1.23256	0.419846	0.389372	0.134689	0.026252	2.62005	0.0231763	0.411853	2.4831	2.8455	0.704537	0.0916102	0.242746	0.852804	1.056	2.29028	1.81203	0.203986	0.0516255	0.708503	1.36892	0.203363	1.39338	1.35916	0.684898	0.222069	0.104793	2.18016	0.805353	0.239132	0.108873	0.335621	0.595026	0.460729	0.17217	0.0866184	0.298242	0.542419	4.79595	0.202202	0.509043	0.557809	3.16646	0.0237355	0.0345322	0.0773466	0.112879	0.708908	

0.0493913	0.0542392	0.000113967	0.000740506	0.125843	0.068404	0.0441449	0.0306627	0.000269962	0.129276	0.0365253	0.16514	0.000257135	0.00717781	0.012737	0.184152	0.0628246	0.0144365	0.0103526	0.00331105	
0.0339771	0.0129766	0.000974516	1.55487e-05	0.131151	0.021186	0.00332431	0.326746	0.000210767	0.255681	0.0246459	0.000112095	0.00626923	0.000779203	2.39989e-05	0.0207346	0.020147	0.106138	0.0174743	0.0174322	
0.0610553	0.0379982	0.00141078	0.000304302	0.0514975	0.00140474	0.00730139	0.0737552	3.42033e-06	0.200566	0.010958	0.00356125	0.0179398	8.97431e-05	0.00245912	0.085555	0.309681	0.0469714	0.0139556	0.0735322	
0.0491322	3.92649e-05	0.00111868	0.0418045	0.128757	0.0343058	0.000283145	0.0622208	3.31794e-06	0.306941	0.0174389	0.0546674	0.0663838	0.0460715	0.0145418	0.0305598	0.0127632	0.00742648	0.016003	0.109538	
0.0599125	0.0146184	0.00276266	0.000787773	0.242529	0.0603236	0.000935651	0.123003	0.000175444	0.157079	0.042718	0.0201879	1.41622e-06	0.000425355	0.00346511	0.0514664	0.0428398	0.0764825	0.0486553	0.0516308	
0.0253676	0.00571233	0.00141325	0.0132962	0.0706769	0.0451893	0.0584429	0.104739	0.120957	0.108194	0.0420973	0.0624447	0.0288931	0.0497586	0.0638199	0.0728287	0.0494487	0.0399467	0.000983159	0.0357895	
0.0902676	0.00736293	0.000693456	0.000341965	0.210447	0.0368361	0.00719475	0.0650695	0.0046337	0.117647	0.0140089	0.0400851	0.00725281	0.000421472	6.21106e-05	0.259492	0.0627032	0.01263	0.013672	0.0491781	
0.0225505	0.0110537	0.0197867	3.96909e-05	0.0412314	0.00396206	0.0630734	0.256779	0.0102312	0.0859067	0.00891725	0.0538553	0.00480053	0.0261058	0.015419	0.0590102	0.0470525	0.147536	0.0171122	0.105577	
0.0712657	0.198257	0.00140385	0.00246734	0.175174	0.108249	2.56701e-05	0.0431902	0.00236456	0.128419	0.153203	0.0106539	0.0167083	0.00074837	0.00055201	0.0151845	0.0189202	0.0317602	0.0150656	0.00638725	
0.0578471	0.00222374	0.0215195	0.00730011	0.0779924	0.0333332	0.0235236	0.0374682	0.0121673	0.357679	0.0409468	0.0316523	0.00533032	0.014795	0.0524781	0.08765	0.0609373	0.0241757	0.0461863	0.00479399	
0.0467731	0.00664647	0.00564048	0.000508478	0.167517	0.0532806	0.00633435	0.316321	1.57251e-10	0.0945103	0.0271428	0.0488511	8.61769e-05	3.6589e-05	0.000727984	0.0740206	0.00513701	0.0202267	0.0526258	0.0736132	
0.190778	0.00397857	0.000469174	3.36195e-05	0.312991	0.110464	0.00598236	0.049413	0.00155896	0.152538	0.0441589	0.0104466	2.74012e-07	6.13661e-05	0.0139353	0.0483495	0.00611491	0.011044	0.0124278	0.025254	
0.0304938	0.0105712	0.016607	0.0301016	0.0845382	0.0362127	0.0183511	0.0808221	0.0779318	0.104436	0.0233315	0.108613	0.0193745	0.0226048	0.0238736	0.0925443	0.0492437	0.0437416	0.0266462	0.0999616	
0.0734359	0.00272912	0.143749	0.0125934	0.0550937	0.0715928	0.000800167	0.0519749	0.0203715	0.050871	0.000724007	0.166647	0.000886155	0.0346458	0.00776925	0.0826579	0.133873	0.00887778	0.0124165	0.0682917	
0.0170088	0.0269649	6.85575e-05	0.000849034	0.267065	0.0242087	7.63622e-05	0.188909	0.000242465	0.107374	0.0448656	0.00923284	0.000726569	0.000178758	0.00911638	0.0644452	0.074076	0.123977	0.00840835	0.032207	
0.106734	0.0289019	0.00319986	0.015105	0.100596	0.0410179	0.0152302	0.0485711	0.00359655	0.296432	0.0696041	0.0763297	1.83675e-05	0.00361822	1.68848e-05	0.0587184	0.021991	0.0390087	0.0124855	0.0588255	
0.0170975	0.0165995	0.00271701	0.0218719	0.162626	0.0274523	0.00613563	0.200479	0.0158531	0.210183	0.0236006	0.0182746	0.0219378	0.0142145	0.00468274	0.0548848	0.0395171	0.0842896	0.0168882	0.040695	
0.163155	0.000157119	0.000472717	5.14492e-08	0.0671874	0.0951284	0.00988331	0.0240165	0.0304909	0.217692	0.00592198	0.122654	0.0163024	2.65037e-05	0.0310581	0.122934	0.0328271	0.0188862	0.00371466	0.0374905	
0.0527776	6.77499e-08	0.000105044	0.168285	0.0521533	0.00990073	2.88843e-06	0.103625	0.0322215	0.0669208	0.00700986	0.029208	0.0345075	9.8671e-05	0.0489744	0.0359737	0.0747632	0.081788	0.0585483	0.143137	
0.0269245	0.000945815	2.70384e-05	0.00385254	0.100516	0.00417402	0.00346154	0.133261	0.016644	0.222797	0.0298686	0.0221002	7.00657e-05	0.000700599	0.00149117	0.0669573	0.0982727	0.0612347	0.0606579	0.146043	
0.02445	0.00151601	0.0148532	0.0011732	0.0808681	0.0132172	1.58696e-06	0.124808	0.00710838	0.629075	0.0242967	0.004934	0.0111542	0.00128789	0.000101312	0.0029483	0.00110438	0.0286721	0.0108201	0.0176104	
0.138229	0.0114002	0.000617546	0.00603264	0.111835	0.0112764	0.00690282	0.0679502	0.0115986	0.193501	0.0642467	0.0272125	0.000224282	0.00122943	0.00299765	0.112768	0.0479884	0.0653813	0.00342919	0.115179	
0.0265055	0.000798517	0.00134692	1.57322e-06	0.113893	0.000969242	0.00262626	0.125176	0.000562918	0.51058	0.0217657	0.000204045	0.0155291	0.00138427	7.93062e-07	0.0290835	0.029248	0.104469	0.00415379	0.0117014	
0.0481423	0.0328765	0.00411576	0.0476006	0.0813495	0.200101	0.000550281	0.125014	1.08645e-05	0.223547	0.0164581	0.00405292	0.00297678	0.0564883	0.00158153	0.0412955	0.0220459	0.00422333	0.0649559	0.0226143	
0.0310808	0.0119857	0.0909411	0.153451	0.073462	0.0326279	0.00512276	0.0648395	0.0205945	0.147325	0.0116808	0.0731502	0.0194664	0.00070987	0.0126582	0.115689	0.0179264	0.07596	0.0104824	0.0308462	
0.0498624	0.0388998	0.00227614	0.00525114	0.313547	0.0674345	0.0193894	0.0609908	0.0293999	0.0784032	0.0441936	0.0873629	0.024335	0.000132431	0.0033399	0.0760464	0.0250951	0.0310375	0.0314157	0.0115872	
0.00691472	0.000389947	0.00552271	0.00146308	0.401024	0.218342	0.00168774	0.0078062	0.000234049	0.0516902	0.0223776	0.0271226	0.000107263	0.000241947	0.00528291	0.0409311	0.0185881	0.00986042	0.0207988	0.159615	
0.0348611	2.51472e-05	0.0104246	0.00482659	0.0670221	0.0608828	0.00357709	0.241884	0.00808783	0.173379	0.00946369	0.0259228	0.00206419	0.00417712	0.0037178	0.0654714	0.00156451	0.236322	0.0100299	0.0362963	
0.0273469	0.0141808	0.0505434	0.00459341	0.150973	0.0632805	0.000279605	0.117283	0.00509834	0.179382	0.0513189	0.00194002	6.98154e-06	0.00929656	2.61347e-05	0.0253401	0.0137002	0.0754724	0.000836225	0.209102	
0.0306575	0.00890651	0.0108075	0.00260236	0.0794763	0.0260637	0.0206888	0.147302	0.000222071	0.128448	0.00138933	0.0323108	0.00566744	0.0017728	0.0129149	0.109458	0.0699117	0.209726	0.0077009	0.0939733	
0.032184	2.76052e-08	0.01081	2.37264e-07	0.243948	0.0251429	0.00322036	0.0913347	0.0607965	0.12211	0.0384216	0.0514311	0.0452182	6.83987e-05	0.00115333	0.0280311	0.00954572	0.0200628	0.106099	0.110423	
0.0425074	0.050797	0.0203204	0.00640541	0.052191	0.00435461	0.0524807	0.0458925	0.00318602	0.112848	0.0365894	0.235705	0.0445387	0.00613482	0.000939626	0.087557	0.146661	0.0387828	0.00165495	0.0104538	
0.0221117	0.000457824	0.0148458	0.0104653	0.109716	0.0457269	0.00061757	0.0252188	0.000931894	0.0668174	0.00594702	0.00999582	0.019345	0.0017742	0.0720433	0.0860298	0.259203	0.00298417	0.0128406	0.232927	
0.114188	0.0101483	0.00939779	0.00132056	0.0961726	0.182536	0.000938028	0.0946433	2.12569e-05	0.185152	0.0192203	0.0166268	1.16857e-05	1.24372e-07	0.0966219	0.0403949	0.0195145	0.00962411	0.0362007	0.0672678	
0.0175746	0.00244186	0.0778315	0.0579608	0.0744048	0.0524998	0.019584	0.0372659	0.0506606	0.0441821	0.0219424	0.127114	0.0917129	0.0351159	0.0155099	0.124643	0.0644507	0.0251064	0.0198573	0.0401416	
0.0398987	0.0764948	1.80449e-07	0.00156149	0.0740584	0.0375085	0.00708275	0.0109902	0.000412838	0.101427	0.14652	0.0859174	0.067153	0.000762604	0.0160592	0.176387	0.00112055	0.107794	0.0259679	0.0228832	
0.0345682	5.87879e-06	0.262386	0.00549327	0.0820516	0.107858	0.0873754	0.0836486	0.0121636	0.025516	0.0504142	0.0636692	0.0235852	0.000196553	0.0102204	0.0166956	0.0803706	0.0285291	0.0194445	0.00580732	
0.0454533	0.00834401	0.00129229	0.000647644	0.0870924	0.0325821	0.049848	0.317582	0.0117636	0.234842	0.0577627	0.0431563	0.0179177	0.0208246	0.00138213	0.0484365	0.00124389	0.00465815	0.000684003	0.0144873	
0.0181423	7.86886e-05	0.00158827	0.000897905	0.231768	0.0424055	0.039788	0.104424	0.0140379	0.19724	0.0341946	0.0151756	0.00761037	0.0159346	6.11675e-05	0.0269542	0.0933549	0.0820807	0.0703962	0.00386735	
0.0461633	0.0196875	0.00571364	1.21101e-06	0.11549	0.0195055	1.48892e-05	0.13399	1.38631e-06	0.267842	0.012025	0.0227144	5.86407e-06	0.000329893	0.00131783	0.155404	0.0742138	0.101707	0.0162428	0.00763017	
0.00472313	0.00399315	0.00424434	0.00018927	0.0586391	0.00157945	0.249314	0.070468	0.0121234	0.0172154	8.35628e-05	0.0639781	0.000989396	0.143216	0.003864	0.0446734	0.00929221	0.283708	0.00881276	0.0188933	
0.128521	0.000343408	0.00311364	0.00103919	0.0223904	0.219974	0.000249622	0.0644112	0.0167543	0.0303129	0.0207795	0.0855973	0.00908023	0.0112275	0.0339861	0.25054	0.0169409	0.00499886	0.0693851	0.0103542	
0.0301686	1.8092e-05	0.0251491	0.00628014	0.0695747	0.0454799	0.0732	0.05631	0.018029	0.103009	0.0886397	0.0315293	0.131662	1.81289e-05	0.00074165	0.0856222	0.0849331	0.0248416	0.0199907	0.104803	
0.0564813	0.00541194	0.000138818	0.0178935	0.0443819	0.0236916	0.000134499	0.0690256	0.0843223	0.156868	0.00212021	0.033664	0.000981528	0.196607	0.105265	0.0536715	0.0385715	0.0539169	0.000908277	0.0559446	
0.063728	0.00226561	0.00656792	0.000395893	0.161866	0.0304354	0.0124093	0.231009	3.52451e-06	0.145164	0.0138523	0.021834	0.0132175	3.12465e-05	9.79776e-10	0.0716281	0.0486566	0.0680456	0.00491993	0.10397	
0.430852	0.00058164	0.000842964	0.000403152	0.0670709	0.0863219	0.00308982	0.0733779	0.00019021	0.058156	0.0159915	0.00640384	1.63271e-06	2.7767e-05	0.00295248	0.0227715	0.00690527	0.0304802	0.0414822	0.152097	
0.0289219	0.00143728	0.0281418	0.0929437	0.0749303	0.0171615	0.0193606	0.102175	0.1107	0.110644	0.0157712	0.0633963	0.0135477	0.0748225	0.0154413	0.0832017	0.0607172	0.0208649	0.00104036	0.0647799	
0.0189996	0.0126761	0.00287774	0.00059103	0.219056	0.0705181	0.00879899	0.073493	0.00241077	0.112216	0.0201555	0.0450937	4.18856e-05	0.0746683	0.0262098	0.0741272	0.0680622	0.050196	0.00310298	0.116705	
0.0340604	1.0041e-06	0.0177318	0.0102905	0.215592	0.0682882	0.00449757	0.0628005	0.00641882	0.120735	0.0104137	0.036014	0.161132	0.0394884	0.00679034	0.0575149	0.0194151	0.0381645	0.015776	0.0748751	
0.0160716	1.08056e-05	0.0211193	4.15345e-05	0.0590207	0.0315261	0.0245037	0.073874	0.241612	0.155442	0.00840246	0.0255979	0.00143225	0.0272868	0.0687966	0.0610438	0.0752382	0.0469101	0.0349735	0.0270963	
0.00700941	0.000772117	0.0228488	0.00356695	0.171369	0.0400852	0.0336524	0.148847	0.0371801	0.252821	0.0169468	0.00392534	0.000754213	0.00900121	0.000407188	0.0219163	0.0183954	0.0166975	0.058271	0.135533	
0.0134945	1.1275e-05	0.0552366	0.00843621	0.0948701	0.0503591	0.0183107	0.0495465	0.0670559	0.131706	0.00939899	0.0217816	0.133077	0.015587	0.0016169	0.104687	0.0696245	0.0101011	0.106342	0.0387561	
0.238005	0.00365842	0.00444147	0.00197635	0.288768	0.00173964	0.000707454	0.114667	2.88986e-05	0.0412	0.0135381	1.83456e-09	8.17888e-05	0.00748742	0.0135552	0.152034	0.0314575	0.0620433	0.0127377	0.0118734	
0.0901177	0.000520342	0.0137837	0.0715328	0.0229757	0.00269276	2.6391e-06	0.0746621	0.00508811	0.0390392	0.043697	0.0788371	0.000398104	0.000348583	0.000353229	0.111925	0.118311	0.0954745	0.00120174	0.229039	
0.0955928	5.59267e-05	0.095129	0.0033323	0.147817	0.020823	0.0183291	0.00342714	0.00191604	0.0716831	0.158629	0.017793	0.0827472	0.0381767	6.96667e-05	0.0117086	0.00508844	0.0283467	0.197983	0.00135204	
0.00471831	2.54952e-07	0.06454	0.0355665	0.017783	0.0654379	0.0107284	0.214462	0.0754433	0.121144	0.00802313	0.0911287	0.00013499	0.00470465	0.00103191	0.0528014	0.0672007	0.152388	0.00525905	0.00750421	
0.0173535	0.0950879	0.0167885	0.000594501	0.140373	0.213921	0.00836299	0.00147567	0.00114672	0.270907	0.00783815	0.046312	0.0524766	2.87296e-05	0.00104624	0.0572598	0.0315737	0.025927	0.00601291	0.00551465	
0.0289864	0.0498684	0.0274475	0.00155792	0.0396745	0.0885218	6.52119e-05	0.160564	0.0043292	0.270439	0.125135	0.000530189	0.00429819	5.01009e-07	2.09302e-06	0.0415682	0.0216927	0.0814948	0.00362326	0.0502015	
0.232712	0.000238846	2.97958e-05	0.00523548	0.0559155	0.0668702	0.0740599	0.0360784	0.00806931	0.106037	0.0352363	0.00339684	0.0155821	0.000121098	0.00018782	0.327991	0.00503869	0.0105835	0.00979179	0.00682499	
0.0779487	0.00564288	0.00220737	0.0336842	0.0821784	0.0201823	0.0170795	0.0368321	0.0117334	0.0867999	0.00137905	0.0274164	0.373335	0.0121922	0.0177493	0.0723765	0.0294235	0.0663288	0.0138234	0.0116875	
0.0407339	1.29486e-05	0.00431073	0.000322055	0.226085	0.0455202	0.000223705	0.271193	1.05002e-05	0.24553	0.0309705	0.00882577	0.000478503	0.0111927	0.00194463	0.00110842	0.0402853	0.0595791	0.007953	0.00371999	
0.121722	0.0140337	0.00852963	0.00232976	0.0126303	0.00756828	0.0574986	0.065317	9.05646e-05	0.0739017	0.0668674	0.00433363	0.00857934	0.0354439	0.00207628	0.465422	0.0164143	0.00913953	0.0183143	0.00978749	
0.0125127	1.27571e-06	0.00374318	0.00326638	0.244825	0.0795018	1.12542e-05	0.0155048	0.0430851	0.173145	0.0300184	0.0365184	0.0757182	0.00364698	0.00129546	0.126546	0.0813029	0.0455529	0.0209014	0.002903	
0.051593	0.000200233	0.221642	0.013282	0.204337	0.0108263	0.0031183	0.0052048	0.00248428	0.0251072	0.0484435	0.0452018	0.000763439	0.0142754	0.0768524	0.168051	0.0154637	0.026546	0.0102637	0.056344	
0.00501812	0.0581484	0.00150715	0.0079282	0.148693	0.0182792	3.84847e-05	0.0993206	0.0237552	0.130341	0.0349207	0.0341895	0.0901114	0.0487318	0.00308444	0.041202	0.0535755	0.117755	0.0495973	0.0338033	
0.0445816	0.0393398	0.00737923	2.43684e-05	0.126909	0.0633445	0.147278	0.0900011	3.20264e-05	0.197835	0.00285947	0.00750333	0.00444576	0.00117822	0.0445054	0.0337917	0.0934731	0.000520714	0.0718013	0.0231966	
0.00424372	1.03017e-05	0.0229867	0.117942	0.0700701	0.0132463	0.0190036	0.238349	0.0276438	0.0449664	0.0534525	0.00883592	0.0074374	4.26117e-06	0.0104709	0.0621118	0.0862283	0.145384	0.00286057	0.0647524	
0.0321555	0.0772023	0.00804584	0.0192063	0.197715	0.0763281	0.00213485	0.011082	0.000421038	0.0578901	0.116283	0.0482136	0.0399518	0.00134186	0.00243756	0.0318529	0.115865	0.11141	0.0220629	0.0284001	
0.0928727	0.101683	0.105406	3.49702e-05	0.0708107	0.0163033	0.0334527	0.0225207	0.166534	0.149758	0.0341755	0.0045978	0.000133731	2.0803e-08	0.00256475	0.00327341	0.0495137	0.0228038	0.109627	0.0139346	
0.0286525	0.0264794	0.00183099	0.0466299	0.124956	0.0946437	0.00871403	0.0112455	0.0207421	0.110041	0.3255	0.0469884	0.000671999	1.37397e-06	0.000891808	0.0532214	0.00610048	0.00360467	0.00102029	0.0880648	
0.0391407	0.000636421	0.0489774	0.0112377	0.0316849	0.00416059	0.00209091	0.057988	0.0905467	0.129861	0.00700574	0.0213365	1.14783e-05	0.113885	0.117378	0.0885208	0.138207	0.0549725	0.0163306	0.0260268	
0.0436475	0.00129282	0.00108201	0.0474149	0.0612778	0.00326749	0.00163251	0.206332	0.000202728	0.134702	0.00867922	0.00196115	0.0893621	0.000665052	0.00255646	0.0889733	0.0536789	0.143962	0.0173868	0.0919234	
0.00153835	1.96674e-05	0.00105938	0.00903396	0.13964	0.0243783	0.00218415	0.0485372	0.00741246	0.35512	0.0624212	0.0349462	0.121363	0.000214247	0.0198408	0.0694931	0.0350428	0.0288058	0.0319988	0.00695114	
0.0145488	0.00102497	0.0251997	0.0107744	0.110407	0.0194646	0.0180339	0.239103	0.000509061	0.32278	0.0648049	0.031235	0.00748531	1.06337e-09	0.00227097	0.0380777	0.0225335	0.0510525	0.00325045	0.0174443	
0.105681	6.71026e-05	0.00154383	0.000370345	0.022296	0.0274058	0.0381392	0.0214791	0.0494646	0.149656	0.120034	0.0399529	5.36984e-06	0.0126559	0.0503157	0.15841	0.0693819	0.0544108	0.018239	0.0604926	
0.00246427	0.00100037	0.045314	0.172217	0.0440829	0.246209	0.0125287	0.0648948	0.0433089	0.0219361	0.0259744	0.058382	0.0244805	3.63636e-05	0.00256885	0.101523	0.0155255	0.012774	0.0548896	0.0498895	
0.00974305	0.0287936	0.140102	0.000126965	0.249926	0.024404	0.00528533	0.179879	0.00614058	0.135087	0.00618443	0.00954348	0.0144635	0.000375279	0.00101254	0.0192339	0.0110524	0.0828521	0.00213382	0.0736601	
0.0194463	0.00317746	0.00759107	0.0143092	0.0690317	0.00909938	0.00482317	0.0695941	0.000212265	0.138365	0.0046483	0.033462	0.184969	0.146991	0.000460855	0.0703171	0.0226543	0.0350105	0.057309	0.108528	
0.0171032	0.00511072	0.0588633	0.0510733	0.127868	0.179703	0.030782	0.0571314	0.0515196	0.0315658	0.0286593	0.0999042	3.02852e-07	0.0603779	0.00492472	0.0713355	0.0375124	0.0512941	2.70896e-05	0.0352449	
0.210258	0.16228	0.00217945	1.6894e-11	0.0322391	0.0180495	0.0165459	0.0561404	0.0387186	0.208012	0.00931273	0.0108318	0.0084271	0.00230582	7.8564e-05	0.100084	0.0729843	0.0345401	0.00149363	0.0155187	
0.0697178	0.0037405	0.0342808	0.00106515	0.0566447	0.18999	0.0014125	0.20667	0.00807117	0.0813825	0.0530175	0.016887	0.0017078	5.57232e-05	0.000650629	0.0873752	0.0522192	0.0881353	0.000112028	0.046865	
0.0347403	1.22618e-05	0.0492269	0.0106356	0.13117	0.082637	0.0211384	0.0323656	0.00764132	0.0890053	0.0158638	0.168687	0.00539388	0.0145422	0.000774674	0.146242	0.0375771	0.041249	0.0530411	0.0580565	
0.0137372	0.0247686	0.00382455	0.00577585	0.275726	0.0510128	0.0022428	0.0424863	0.0203549	0.278061	0.0173826	0.0240678	0.00405245	0.00250369	0.0006267	0.0800042	0.036014	0.101254	0.0142128	0.0018916	
0.00364222	0.000137681	0.000883742	0.0249842	0.0848924	0.0286345	9.8647e-05	0.132615	0.00132642	0.210514	0.0209431	0.0198393	0.00512278	0.022685	0.0755175	0.0728325	0.153113	0.014924	0.0856704	0.0416228	
0.0335638	0.000996537	0.00352418	0.000304458	0.212933	0.0234764	5.66073e-05	0.0341023	0.0321464	0.381732	0.00109211	0.041977	0.000997757	0.0137891	0.0189048	0.0122225	0.0309906	0.0844545	0.0421953	0.0305408	
0.00483018	0.00355025	0.016315	0.0100631	0.0804939	0.191616	0.000276982	0.0583251	0.0434241	0.0789215	0.000353191	0.199615	0.0276944	0.00826449	0.0198934	0.0765076	0.133987	0.0236569	0.0185394	0.00367227	
0.0763606	0.00316452	0.00833297	4.61524e-07	0.182734	0.0759873	0.0101042	0.0885977	0.00296161	0.165732	0.0575653	0.00683943	0.0243897	0.000388993	0.000164784	0.0243638	0.0440308	0.220811	0.000103463	0.00736708	
0.0620472	0.0100127	0.00257565	0.000331861	0.0317027	0.12445	0.00108039	0.242198	0.000397978	0.132814	0.0210119	0.0105373	0.0173915	1.54788e-05	0.00025221	0.0422541	0.158218	0.0980285	0.0369554	0.00772479	
0.0366837	0.00190271	0.000203943	0.00320794	0.0959981	0.223142	0.0305887	0.152554	0.00449107	0.0653117	0.00163375	0.0774607	0.00563987	0.00192682	6.89219e-06	0.183805	0.069329	0.00957301	0.00761069	0.0289301	
0.0679641	0.000515052	0.101546	0.15413	0.1254	0.0696892	0.0143521	0.0296221	0.011447	0.12634	0.0489412	0.0317035	0.0352207	0.00123956	0.0373182	0.0616196	0.0265341	0.0468258	0.00480142	0.00479041	
0.278219	0.00615131	0.0664141	1.14986e-06	0.048527	0.0366215	0.000368176	0.0625856	0.00711747	0.135535	0.0235498	0.0157532	3.28624e-05	1.38071e-06	0.000565071	0.135122	0.0448521	0.0416671	0.00343355	0.0934827	
0.0461847	5.51785e-05	0.00475297	0.000106032	0.263656	0.0230358	0.00295002	0.131116	6.38488e-05	0.178602	0.0381356	0.040108	0.00992858	0.00220012	0.00289881	0.0104509	0.00659887	0.0455536	0.00915684	0.184446	
0.123158	0.0158352	0.010724	0.0475766	0.072816	0.0266283	0.0379872	0.0272038	0.00500223	0.0568938	0.000404725	0.018913	0.0129211	0.0574178	0.023105	0.139832	0.22209	0.0328064	0.00713413	0.0615509	
0.0224526	0.0526593	0.00518962	0.0227642	0.0242055	0.0895583	0.00915329	0.0237506	0.000196827	0.0796982	0.0455738	0.0621344	0.0279057	0.0175999	0.0464615	0.0242177	0.30008	0.0635369	0.0141388	0.068723	
0.0209681	0.0123819	0.0120448	0.000730819	0.142831	0.00269364	0.00915286	0.0815157	0.00684898	0.101083	0.00993293	0.0190527	0.0298557	0.000380099	0.00100638	0.265133	0.10283	0.0921336	0.0321058	0.0573205	
0.0172609	0.00354477	0.0128838	0.00817249	0.359635	0.0540823	0.0223149	0.134674	0.0260755	0.0593166	0.0144814	0.0455419	0.0289731	0.00101115	0.00244014	0.0417305	0.0218753	0.0480532	0.0440771	0.0538566	
0.0141163	0.00668502	0.000542137	0.0314338	0.105631	0.00395506	0.00754213	0.16631	0.0158352	0.148356	0.000785015	0.0113318	0.0812865	0.0212688	0.0903993	0.0131935	0.0845721	0.0111071	0.129267	0.0563825	
0.0447223	0.00127074	0.00262201	0.000423311	0.201663	0.0826649	1.49662e-05	0.058448	0.00573345	0.126494	0.0285914	0.0639343	0.0614454	0.0011345	0.0138564	0.0180029	0.0521108	0.0479216	0.134614	0.0543322	
0.0697855	0.022978	0.00958758	0.0826188	0.156477	0.00358044	0.0176475	0.119122	0.00216709	0.0543673	0.0342221	0.0481701	0.00241406	0.0359178	0.000555068	0.0544098	0.0891641	0.009444	0.00257313	0.184798	
0.169082	4.19058e-05	0.00672841	0.00535842	0.0641659	0.177045	0.00315344	0.225184	0.0147605	0.104479	0.00195911	0.000799616	0.00295979	0.00031797	0.0585126	0.0749435	0.029833	0.035272	6.33156e-05	0.02534	
0.0304616	9.55276e-08	0.000810372	0.00229034	0.202148	0.012052	0.00379651	0.125885	0.000263851	0.103566	0.230605	0.00513559	0.00711211	0.000781909	0.00852134	0.0312976	0.0234745	0.0674157	0.0425927	0.101789	
0.0218383	0.000691587	0.0359281	0.0346901	0.0717118	0.0142418	0.0733378	0.00858208	0.00206393	0.0552956	0.0103926	0.0527876	0.000792915	6.35212e-06	1.65811e-06	0.360916	0.0737088	0.124657	0.0102859	0.0480692	
0.0251043	4.01286e-07	0.0254322	0.00135031	0.0423991	0.0277619	0.0807452	0.183604	0.00780329	0.116656	0.0281153	0.0279778	0.0538227	0.0017275	0.00176708	0.15129	0.0679769	0.0304029	0.120554	0.00550921	
0.0226528	0.00438643	0.00418492	6.61562e-05	0.0140775	0.111194	0.00142928	0.0985666	0.0750094	0.210667	0.122188	0.0104192	0.0246834	0.115655	0.00161106	0.0613522	0.00458941	0.0277777	0.0155763	0.0739139	
0.0501917	0.00353972	0.0663225	0.000739363	0.0545943	0.0275473	0.00735806	0.146549	0.145273	0.0594171	0.0436721	0.120839	1.89943e-09	0.0697929	0.0106229	0.115574	0.00037767	0.0480781	0.021355	0.00815643	
0.0108146	0.00964651	0.00352897	0.000417257	0.218368	0.0534294	0.0403152	0.0536113	0.000237733	0.191827	0.100827	0.0939658	0.0258739	0.00269542	0.0156978	0.0281019	0.0402468	0.0322072	0.0121024	0.0660855	
0.0495696	8.5626e-05	0.0014278	0.0153719	0.0535761	0.116704	0.00815611	0.0573836	0.0274294	0.0443079	0.0280202	0.00728165	0.000752604	0.00350249	0.00255872	0.157175	0.0647866	0.0873497	0.239658	0.034903	
0.157614	0.00163143	0.0231702	0.00741899	0.0148988	0.00012454	0.00103098	0.178585	0.0403554	0.0938434	0.0157668	0.0398272	4.73381e-09	0.000133649	0.0850059	0.0530014	0.0470127	0.131437	0.028312	0.0808314	
0.0145514	0.0136971	0.00457415	0.0479409	0.153753	0.00959357	7.57651e-06	0.11329	0.00659358	0.299099	0.064136	0.0135651	0.00598917	0.000767443	0.00131095	0.0254214	0.151775	0.0565951	0.0157778	0.00156308	
0.0915242	0.000405963	2.28516e-05	0.0336477	0.0446732	0.300402	0.00854312	0.131484	0.00348367	0.0325851	0.0024559	0.0165195	0.114573	0.00155038	3.08627e-08	0.0843802	0.00710845	0.0837902	0.0344232	0.00842775	
0.144561	0.0260688	0.12835	3.65636e-07	0.0693671	0.00599869	0.113433	0.0690411	0.0804936	0.110778	0.0187364	0.000123429	0.118007	2.41143e-05	0.0278627	0.0253331	0.0150777	0.0330456	0.00732518	0.00637333	
0.0283844	2.48703e-07	0.101384	0.0309648	0.147384	0.00277426	1.17005e-05	0.082961	0.0341031	0.0419875	0.00455001	0.0363902	0.0743026	0.0020243	0.00351026	0.203242	0.0152542	0.0835838	0.00224873	0.104938	
0.0123421	3.5817e-08	0.0105937	0.00486474	0.269908	0.00184088	3.8875e-06	0.0409128	0.024499	0.234386	0.0150016	0.040184	0.00368954	0.000139094	0.00618812	0.033899	0.0303842	0.0083839	0.0803567	0.182423	
0.0948201	0.0740584	0.000514603	0.000729975	0.0952329	0.0252289	0.000881342	0.0389405	9.3067e-07	0.165965	0.0451324	0.0683488	0.000119987	0.0110071	0.00553598	0.112531	0.0248549	0.209608	0.00855023	0.0179387	
0.239892	0.00537388	0.00604533	0.101018	0.00636608	0.0594233	0.00332144	0.0841604	0.000170737	0.184884	0.00518562	0.0217756	0.00822685	0.00016681	0.00336963	0.0204453	0.116635	0.0869348	0.00172465	0.0448818	
0.0523151	0.0715589	0.0271083	0.000833607	0.0478693	0.0293052	0.00121117	0.0423373	0.00758454	0.378577	0.0461097	0.0240617	0.00301995	0.000675077	0.000696986	0.0853632	0.0617208	0.0664492	0.000162551	0.0530403	
0.0276189	0.0156383	0.0244536	0.00341223	0.090801	0.0405881	0.00135599	0.0761852	0.0726575	0.047543	0.00517815	0.0685794	0.00112843	0.137029	0.0152854	0.0789587	0.15145	0.0289345	0.00356463	0.109638	
0.00754683	0.00555236	0.0574309	0.0398696	0.129096	0.1362	0.0519271	0.0379059	0.0960723	0.178024	0.0206428	0.00250051	1.27452e-05	0.00761842	1.07464e-05	0.0455744	0.0267793	0.0820217	0.00976159	0.0654532	
0.0131856	0.00335605	0.214341	2.15868e-05	0.0701384	0.0382752	0.000602947	0.0148317	0.00975898	0.200251	0.0204739	0.038094	0.000708429	0.0179609	0.000613483	0.0321991	0.0753179	0.127064	0.117862	0.00494481	
0.165178	0.0249428	0.0269538	0.0100751	0.0360684	0.00157816	0.016633	0.0202691	0.022605	0.0395609	0.156219	0.021496	0.00552937	0.00124786	0.00202353	0.244915	0.138512	0.0518065	0.00565668	0.00873073	
0.0139828	0.0262793	5.41785e-07	0.0825729	0.118068	0.0100384	0.00676049	0.0494131	0.00588623	0.16537	0.0138601	0.140826	0.180826	8.30011e-10	0.00537855	0.0295634	0.0663788	0.0583205	0.00286011	0.0236141	
0.00207212	0.0391847	0.0137521	0.0162546	0.180833	0.0213813	0.0737438	0.136506	0.0203771	0.202419	0.0752577	0.00736577	0.000125505	0.000902724	0.00134552	0.0131574	0.0532766	0.0160767	0.00700084	0.118968	
0.00419427	0.0388995	0.00944587	0.0117482	0.107241	0.0186245	0.017423	0.0188446	3.27968e-05	0.322524	0.0493986	0.0679225	4.51567e-05	0.00173299	0.0131711	0.0687187	0.0360957	0.210398	0.00351022	2.89384e-05	
0.110884	0.0206881	0.000957274	0.0705349	0.0809883	0.0699727	3.0383e-05	0.0445254	0.00488476	0.123432	0.0201796	0.0562364	0.0726791	0.0102045	0.0089735	0.144168	0.000354753	0.0258067	0.0759686	0.0585311	
0.0167933	0.00470022	0.00418854	0.0125328	0.0717096	0.323507	0.0220634	0.0243328	0.00100875	0.0328193	0.122019	0.00608442	1.58456e-06	0.000480588	0.0141065	0.245726	0.00190374	0.0105495	0.0182341	0.0672394	
0.0876569	0.000637272	0.0036304	0.000180861	0.11546	0.0352071	0.0707652	0.111501	0.202331	0.0440704	0.000896963	0.110306	1.0716e-06	9.85322e-06	0.000692192	0.0290258	0.0123751	0.081428	0.00476808	0.0890573	
0.14073	4.32164e-07	0.00466838	0.000324142	0.218172	0.0266553	0.0585712	0.00710633	0.00125643	0.157627	0.0459954	0.00471845	0.129717	0.000914803	0.00124192	0.0140785	0.000130804	0.160916	0.0112381	0.015938	
0.0324296	0.000678948	0.00235113	0.0224473	0.0607706	0.0964963	0.000166599	0.00219077	0.0186615	0.122251	0.100275	0.00395923	0.034001	0.0890871	0.00244384	0.291828	0.0499086	0.00507221	0.0165212	0.0484607	
0.00277036	0.0287849	0.004294	0.00198969	0.0511577	0.0783548	0.00313159	0.14669	0.0381732	0.173794	0.00965479	0.0396199	0.0275315	0.000363867	0.00495066	0.21285	0.102581	0.0504661	0.0118208	0.0110213	
0.00570045	5.11505e-05	0.000928255	0.00520046	0.225764	0.16468	0.00715158	0.0618585	3.13892e-05	0.148976	0.0147125	0.0420832	0.00139249	0.0119589	0.0459803	0.0370217	0.0505787	0.0547377	0.0505214	0.0706717	
0.0254703	5.03044e-05	7.35044e-05	0.00791114	0.0566724	0.137792	0.00973633	0.0868253	0.00230066	0.279315	0.00555571	0.052044	0.000739054	0.0286538	0.000506655	0.114215	0.0611144	0.0834444	9.86731e-05	0.0474811	
0.102711	0.0172603	0.0914501	0.102639	0.0245813	0.0579312	0.00187999	0.0633058	0.0700931	0.182133	0.0138056	0.0242039	0.067405	0.00535247	9.56733e-05	0.0221111	0.0681985	0.050247	0.00815061	0.0264456	
0.0120879	0.000493369	1.8285e-05	0.0402042	0.0395702	0.0243368	0.00143796	0.20832	0.0219148	0.13133	0.0351715	0.141594	0.000254403	7.41923e-07	0.00156207	0.0822956	0.0984352	0.0197113	0.053361	0.0879002	
0.0668095	0.00691356	0.123472	0.000935689	0.0788897	0.0877014	0.00921203	0.0333646	0.026272	0.0145405	0.0775563	0.0384588	0.0065969	0.00062575	0.0373264	0.100564	0.219779	0.0563913	0.000723625	0.0138668	
0.162641	4.02735e-06	0.0548483	1.384e-05	0.0219574	0.0244711	0.100652	0.0241138	0.00168883	0.180765	0.0577148	0.01072	0.000511683	0.00763663	0.0650877	0.122434	0.0706865	0.010342	0.031356	0.0523544	
0.00300917	0.00280148	0.01258	0.0357949	0.0572824	0.000874103	0.0616182	0.251179	5.74125e-06	0.290165	0.0460883	0.0138085	0.00127249	0.035678	0.0150784	0.0196719	0.00290486	0.115638	0.0223478	0.0122005	
0.0490819	0.00241245	0.004667	0.00858822	0.0636952	0.09645	1.36978e-05	0.180338	0.00390207	0.125254	0.00672723	0.0304434	0.0584158	0.000164062	0.0164931	0.107473	0.0338843	0.100269	0.0286153	0.0831115	
0.00938062	2.1367e-05	0.00265071	0.0278146	0.0217177	0.0121959	0.0312835	0.227293	3.8932e-05	0.0976729	0.0365952	0.0370898	0.012281	0.00413933	0.000121302	0.174907	0.105077	0.0479376	0.124198	0.0275857	
0.00544569	0.00624401	0.0262539	0.0568444	0.0508466	0.110162	0.0217666	0.0743631	0.000106833	0.142478	0.00312293	0.0143418	0.00576367	0.0100261	0.000486899	0.0143278	0.0902	0.00380497	0.00485532	0.35856	
0.17756	0.0102371	0.0110746	0.00561426	0.0328435	0.00137181	0.00204487	0.108206	0.000959635	0.0797913	0.0997201	0.00878737	0.00684645	0.133765	0.0149842	0.0208096	0.0445196	0.022289	0.111244	0.107332	
0.0171144	0.000313245	0.00274613	0.00644208	0.0687292	0.00781812	0.0258964	0.008765	0.0227914	0.275285	0.0482351	0.0392522	0.00203718	0.00525108	0.0143501	0.0262228	0.129929	0.042635	0.0955408	0.160646	
0.0815955	8.37463e-06	0.0521006	8.86073e-05	0.0441968	0.00733204	0.000110363	0.235749	0.0410752	0.311752	0.00239461	0.0724527	0.00326381	0.000701939	0.00136455	0.00888312	0.0237245	0.0259927	0.01378	0.0734331	
0.0597232	1.36618e-06	0.000359977	0.0345586	0.0255664	0.144525	0.043522	0.0500243	0.0217609	0.0988687	0.0115655	0.00549911	0.035759	0.000171012	0.0759317	0.19458	0.143169	0.0421138	2.73711e-05	0.0122726	
0.0250519	2.49911e-05	0.00345474	0.0823752	0.0435194	0.0657285	0.0010299	0.128443	2.34378e-07	0.105232	0.0107031	0.0302087	0.0560005	0.0889852	1.05407e-07	0.160432	0.0149753	0.151777	0.00247014	0.0295876	
0.0171503	0.00123384	0.0239092	0.00485288	0.168083	0.0104242	0.0647259	0.0756849	0.000476951	0.295971	0.111263	0.0274427	5.4328e-06	0.00123243	0.0192136	0.0162405	0.0133424	0.124503	0.0195964	0.00464793	
0.168103	0.00485369	0.00303346	0.121555	0.090729	0.0450477	0.0425077	0.0423871	0.00122015	0.133098	0.0917678	0.0785478	0.000895209	0.00344331	0.0487331	0.0323065	0.0250631	0.0505813	0.00241161	0.0137156	
0.0479582	0.00846857	0.00544947	7.43508e-05	0.00823805	0.0749862	1.14976e-08	0.368936	0.00264891	0.0566321	0.18648	0.10569	0.000675801	0.00200302	0.00676446	0.0706167	0.00126975	0.0326678	0.00647702	0.0139646	
0.0327641	0.00862615	0.00205568	3.74784e-07	0.0889511	0.0756147	0.128213	0.0911749	0.0253707	0.121689	0.0904003	0.0520876	0.0277298	4.7938e-09	7.13179e-08	0.0917091	0.082805	0.0254991	0.00477413	0.0505355	
