CATGTRSBDP
1	-1	10291
1
1.8
0	0
0	0
../../../fasta_sequences/alignments/concatenated_noguidance/concatenated_noguidance.phy
4
0
Universal

0
0
0
None
0
10	0
0
((((((NC001453_ECHI_Stro_purp:0.708897287390999,NC040151_ECHI_Ophi_anta:1.00288561316085):0.215566988281743,((NC031810_CHOR_Etmo_pusi:0.329505651526619,NC012761_CHOR_Gala_sene:0.386216685656592):0.320612842187038,NC000834_CHOR_Bran_flor:0.652477707029197):0.134209468329514):0.139255715940757,NC008556_XENA_Xeno_bock:0.965448546805665):0.0738146010372354,(((KY778696_ARTH_Phot_pyra:1.03246839902274,NC020030_PRIA_Hali_spin:0.780231987431672):0.134026031065636,NC005306_EUAR_Varg_hilg:1.94873068180654):0.13879202941609,(NC034783_ANNE_Pont_core:0.795008934317632,NC007893_MOLL_Wata_scin:0.892379637490181):0.16344960474058):0.627310752571324):1.00858538697391,(((((((((NC008446_CNID_Aure_auri:0.150133996507567,(NC016466_CNID_Cass_fron:0.330052838574447,NC035740_CNID_Nemo_nomu:0.155583739932156):0.0411018842948917):0.0963189173535283,NC020459_CNID_Chry_quin:0.22033979166709):0.341560803788945,((LN898115_CTEN_Vall_mult:1.24920414152271,((NC016117_CTEN_Mnem_leid:1.09702105119392,JN392469_CTEN_Pleu_bach:1.55410156552726):0.566880885698652,((MG655623_CTEN_Bero_fors:0.00520341149995276,MG655624_CTEN_Bero_fors:0.00148460297658742):0.000704529238954173,MG655622_CTEN_Bero_fors:0.000911806599541551):0.826938806050147):2.51792615461438):0.399792141941017,(LN898113_CTEN_Coel_loya:0.0136706146565965,LN898114_CTEN_Coel_yuli:0.0980881218268775):0.651791088991052):10.5738847202947):0.0829082257847782,(NC021406_CNID_Hydr_sine:1.06701378604528,(NC016467_CNID_Cuba_aphr:0.167855318059762,NC018537_CNID_Cras_sowe:0.215337968550074):0.150209916632537):0.133243165068223):0.052514605370922,NC030337_CNID_Hali_anta:0.67314048727901):0.107605493354325,(NC018378_CNID_Reni_muel:0.0327073833748054,(NC035667_CNID_Euni_cavo:0.0231732784842719,NC035665_CNID_Eugo_muta:0.0238211682049497):0.0587270447268907):0.418130111508018):0.0320197117835644,(((NC014856_PORI_Osca_viri:0.00811263056788515,NC014888_PORI_Osca_tube:0.0127724907810064):0.104823639403845,(NC014860_PORI_Plak_jani:0.0396646567169038,NC014884_PORI_Plak_mono:0.0442656381467296):0.175111747866435):0.0736536679445239,((((((NC023834_PORI_Poly_litt:0.0890314363274889,((NC010496_PORI_Sube_domu:0.1345653422616,NC010207_PORI_Iotr_biro:0.231220084520546):0.0167405432918579,NC006991_PORI_Teth_acti:0.0960116493719009):0.029007933443658):0.0186151835552632,NC006894_PORI_Axin_corr:0.13347443528417):0.0135562646239916,NC006990_PORI_Geod_nept:0.215028457655277):0.0133898231484113,NC016431_PORI_Euna_subt:0.110132547667576):0.0313458355920041,NC010201_PORI_Amph_comp:0.165760449136292):0.0123643461146784,((NC010203_PORI_Aply_fulv:0.130479451281789,(NC010212_PORI_Hali_duja:0.0407237156219568,NC010208_PORI_Chon_sp:0.0411119692413587):0.0977276967062989):0.0350707939022278,((NC013662_PORI_Irci_stro:0.0181132944116688,NC010218_PORI_Vace_GW94:0.061955365096707):1.13177334701503,NC010216_PORI_Iger_nota:0.44963341818024):0.215252605853758):0.0262174468707294):0.12872505582926):0.106618272147207):0.056441205031926,((NC008832_PLAC_Plac_sp:0.0349451594933575,(NC008833_PLAC_Plac_sp:0.00436207997197189,NC015309_PLAC_Plac_sp:0.00852131974205673):0.0604640574844572):0.063949660135784,(NC008151_PLAC_Tric_adha:0.0257992127846309,NC008834_PLAC_Plac_sp:0.0397085597401566):0.0157615594149973):0.661561271246045):0.0769394940409242,(AF538053_CHOA_Mono_brev:0.510034018149663,(((NC011360_FUNG_Blas_emer:0.0555299704358922,NC001715_FUNG_Allo_macr:0.13285362209341):0.492916050572995,(NC003052_FUNG_Spiz_punc:0.358450446254894,NC003053_FUNG_Rhiz_gram:1.11755943401058):1.03493906331659):0.0795375164180959,(NC006837_FUNG_Zanc_culi:1.12743784366112,NC006836_FUNG_Rhiz_oryz:0.380542540156924):0.0954064429041269):0.458262249173203):0.250324307816906):0.0176177862482264):1.4289269348258,NC027419_PORI_Oops_minu:0.187084676171411,NC028054_PORI_Vaze_pour:0.093968504073106);
((((((NC001453_ECHI_Stro_purp:0.708897287390999,NC040151_ECHI_Ophi_anta:1.00288561316085):0.215566988281743,((NC031810_CHOR_Etmo_pusi:0.329505651526619,NC012761_CHOR_Gala_sene:0.386216685656592):0.320612842187038,NC000834_CHOR_Bran_flor:0.652477707029197):0.134209468329514):0.139255715940757,NC008556_XENA_Xeno_bock:0.965448546805665):0.0738146010372354,(((KY778696_ARTH_Phot_pyra:1.03246839902274,NC020030_PRIA_Hali_spin:0.780231987431672):0.134026031065636,NC005306_EUAR_Varg_hilg:1.94873068180654):0.13879202941609,(NC034783_ANNE_Pont_core:0.795008934317632,NC007893_MOLL_Wata_scin:0.892379637490181):0.16344960474058):0.627310752571324):1.00858538697391,(((((((((NC008446_CNID_Aure_auri:0.150133996507567,(NC016466_CNID_Cass_fron:0.330052838574447,NC035740_CNID_Nemo_nomu:0.155583739932156):0.0411018842948917):0.0963189173535283,NC020459_CNID_Chry_quin:0.22033979166709):0.341560803788945,((LN898115_CTEN_Vall_mult:1.24920414152271,((NC016117_CTEN_Mnem_leid:1.09702105119392,JN392469_CTEN_Pleu_bach:1.55410156552726):0.566880885698652,((MG655623_CTEN_Bero_fors:0.00520341149995276,MG655624_CTEN_Bero_fors:0.00148460297658742):0.000704529238954173,MG655622_CTEN_Bero_fors:0.000911806599541551):0.826938806050147):2.51792615461438):0.399792141941017,(LN898113_CTEN_Coel_loya:0.0136706146565965,LN898114_CTEN_Coel_yuli:0.0980881218268775):0.651791088991052):10.5738847202947):0.0829082257847782,(NC021406_CNID_Hydr_sine:1.06701378604528,(NC016467_CNID_Cuba_aphr:0.167855318059762,NC018537_CNID_Cras_sowe:0.215337968550074):0.150209916632537):0.133243165068223):0.052514605370922,NC030337_CNID_Hali_anta:0.67314048727901):0.107605493354325,(NC018378_CNID_Reni_muel:0.0327073833748054,(NC035667_CNID_Euni_cavo:0.0231732784842719,NC035665_CNID_Eugo_muta:0.0238211682049497):0.0587270447268907):0.418130111508018):0.0320197117835644,(((NC014856_PORI_Osca_viri:0.00811263056788515,NC014888_PORI_Osca_tube:0.0127724907810064):0.104823639403845,(NC014860_PORI_Plak_jani:0.0396646567169038,NC014884_PORI_Plak_mono:0.0442656381467296):0.175111747866435):0.0736536679445239,((((((NC023834_PORI_Poly_litt:0.0890314363274889,((NC010496_PORI_Sube_domu:0.1345653422616,NC010207_PORI_Iotr_biro:0.231220084520546):0.0167405432918579,NC006991_PORI_Teth_acti:0.0960116493719009):0.029007933443658):0.0186151835552632,NC006894_PORI_Axin_corr:0.13347443528417):0.0135562646239916,NC006990_PORI_Geod_nept:0.215028457655277):0.0133898231484113,NC016431_PORI_Euna_subt:0.110132547667576):0.0313458355920041,NC010201_PORI_Amph_comp:0.165760449136292):0.0123643461146784,((NC010203_PORI_Aply_fulv:0.130479451281789,(NC010212_PORI_Hali_duja:0.0407237156219568,NC010208_PORI_Chon_sp:0.0411119692413587):0.0977276967062989):0.0350707939022278,((NC013662_PORI_Irci_stro:0.0181132944116688,NC010218_PORI_Vace_GW94:0.061955365096707):1.13177334701503,NC010216_PORI_Iger_nota:0.44963341818024):0.215252605853758):0.0262174468707294):0.12872505582926):0.106618272147207):0.056441205031926,((NC008832_PLAC_Plac_sp:0.0349451594933575,(NC008833_PLAC_Plac_sp:0.00436207997197189,NC015309_PLAC_Plac_sp:0.00852131974205673):0.0604640574844572):0.063949660135784,(NC008151_PLAC_Tric_adha:0.0257992127846309,NC008834_PLAC_Plac_sp:0.0397085597401566):0.0157615594149973):0.661561271246045):0.0769394940409242,(AF538053_CHOA_Mono_brev:0.510034018149663,(((NC011360_FUNG_Blas_emer:0.0555299704358922,NC001715_FUNG_Allo_macr:0.13285362209341):0.492916050572995,(NC003052_FUNG_Spiz_punc:0.358450446254894,NC003053_FUNG_Rhiz_gram:1.11755943401058):1.03493906331659):0.0795375164180959,(NC006837_FUNG_Zanc_culi:1.12743784366112,NC006836_FUNG_Rhiz_oryz:0.380542540156924):0.0954064429041269):0.458262249173203):0.250324307816906):0.0176177862482264):1.4289269348258,NC027419_PORI_Oops_minu:0.187084676171411,NC028054_PORI_Vaze_pour:0.093968504073106);
1
2.50939
0.501212
3185
32.4345
0.859612	0.322605	0.269601	0.256396	1.99575	0.728241	0.384192	1.66894	0.241772	2.24491	0.66664	0.752391	0.335806	0.353291	0.245404	1.19598	0.878357	1.07418	0.314533	0.741914	

1.91018	0.900425	0.93256	0.0939946	4.46644	0.296155	0.312338	0.484467	0.323228	1.14002	0.243641	2.21365	1.09471	0.22858	5.92917	7.73483	6.23041	0.0345282	0.138824	0.170341	0.0617473	0.796973	0.675782	1.04673	1.23346	0.160489	0.898674	1.82974	2.00976	0.480791	0.777628	1.03455	3.90682	1.28863	0.866154	1.59255	0.766539	7.54741	0.0763469	0.676744	0.520411	0.0248906	0.648301	0.126886	0.181956	3.60167	0.0133962	0.775826	0.602876	0.381668	0.0732618	0.248542	0.0461493	0.36479	0.0497387	1.034	0.572204	0.330169	1.27245	0.189545	0.15838	0.827939	0.30368	3.38426	0.41278	0.755037	0.694797	0.379765	0.0755033	0.0999265	0.0355927	0.341047	0.45594	0.259071	1.56887	0.645054	0.395891	0.158972	0.117795	0.00228962	0.170809	0.29998	0.440449	0.56422	3.73136	0.17082	0.0776237	0.481347	0.181701	0.0313844	0.877867	0.386088	0.556004	0.666403	1.92075	0.572663	0.914044	0.232031	0.0541605	0.0270807	0.779177	0.0273857	0.308116	1.98384	0.0810033	7.15251	0.478375	0.4798	0.549817	0.00489239	0.429723	2.66773	0.361509	2.48269	3.55785	0.309823	0.248861	0.0745179	0.273027	0.125061	2.45143	11.5085	0.299327	0.370313	0.287386	0.519403	1.62778	0.496822	2.30835	10.9895	0.871781	0.994363	0.379518	0.111566	0.300128	3.95556	0.335263	0.173524	1.21797	0.0428472	0.364875	0.716255	1.34145	0.466222	0.362632	0.097622	0.052221	0.984111	0.210334	0.431649	1.57499	3.08586	0.777737	0.131343	0.205727	0.895286	0.585468	2.19548	1.51788	0.179515	0.207731	0.791034	1.02273	0.325112	1.4162	0.978142	0.508578	0.227568	0.0492324	3.2216	1.31673	0.32752	0.356944	0.28588	0.880854	0.786114	0.349784	0.0164307	0.166029	0.57186	4.37933	0.658667	0.260841	0.501351	3.72125	0.220235	0.178163	0.209047	0.221005	1.28541	

0.385579	3.89748e-06	0.000348493	0.000257397	0.131234	0.142526	0.000811747	0.0598979	6.44861e-08	0.121696	0.00400748	0.0014704	0.000790354	2.13752e-05	4.90066e-10	0.0273474	0.00230087	0.0197496	0.0381945	0.0637644	
0.0480721	7.37991e-06	0.0307548	0.00492667	0.045722	0.0126937	0.1629	0.0548634	0.00142143	0.0614344	0.0130785	0.0277118	0.366379	0.00116109	0.0166025	0.0414722	0.027254	0.0450756	0.0139637	0.024505	
0.0398104	0.000207281	0.00847643	0.00526163	0.1286	0.0143031	0.000123065	0.132548	0.0487525	0.229831	0.120882	0.0858125	0.00276896	0.00514997	0.00651443	0.0295113	0.0210725	0.0334774	1.99577e-06	0.0868955	
0.0201129	0.00553862	0.0643664	0.026605	0.0662076	0.235127	0.0234113	0.0908381	0.0324307	0.0719764	0.0320474	0.10144	0.0220409	0.0214911	0.001439	0.0804816	0.0198742	0.0232566	0.0124909	0.048824	
0.0830466	0.0195554	0.00106858	2.42602e-09	0.10795	0.0449911	1.89455e-06	0.202171	0.000459539	0.218373	0.0157205	0.00769107	0.00123053	4.64762e-05	0.00213036	0.0719584	0.053731	0.164752	0.00440567	0.000716571	
0.0375601	0.00180487	0.0605102	0.0947973	0.144506	0.0400315	0.0115798	0.0499344	0.156597	0.13753	0.0597073	0.0226503	0.00247328	0.0517207	0.00135758	0.0734957	0.0151	0.0131577	0.00200159	0.0234852	
0.0167687	0.00273232	0.0631991	0.0644487	0.0556133	0.0456838	0.0342453	0.0455443	0.0566915	0.0639076	0.0192549	0.142048	0.0795541	0.0264142	0.019874	0.135836	0.0581882	0.0202151	0.0090903	0.0406906	
0.0494827	0.0215372	0.00705495	0.00277597	0.279974	0.0377987	0.000139915	0.141315	0.000307204	0.128273	0.04152	0.0179654	0.00662768	2.69094e-06	0.00945998	0.0351697	0.0707133	0.0866752	0.0143536	0.0488538	
0.0599778	0.000736179	0.00697299	0.000140607	0.206622	0.0345113	0.0645299	0.0367703	0.0110564	0.137844	0.0139534	0.0585026	0.0217892	0.00364552	0.0331151	0.0748628	0.0246844	0.00108545	5.64232e-05	0.209143	
0.0143283	0.00744676	0.00249864	1.92162e-07	0.167477	0.00839433	5.02145e-07	0.0496675	0.000323126	0.356229	0.0332547	0.0348741	0.0027007	0.0207603	0.0429232	0.00306744	0.0546424	0.185382	0.0102385	0.00579136	
0.0131362	0.0337213	0.00150464	9.34652e-05	0.133415	0.0854566	0.0112849	0.254988	0.000506577	0.129221	0.00576146	0.0349725	0.0139804	0.00627344	0.0260992	0.0556535	0.0836944	0.098155	0.00340749	0.0086754	
0.0109914	0.0404561	0.000504357	0.000474257	0.133195	0.198794	1.34515e-05	0.0222819	5.64077e-08	0.100044	0.326515	0.0226267	0.0066113	0.0113187	2.53927e-05	0.0320157	0.0206544	0.0171157	0.000202932	0.0561596	
0.0218816	0.0144841	0.0337805	0.045633	0.0536619	0.0317749	0.0178965	0.0489554	0.0231561	0.106875	0.0357781	0.0388989	0.00447889	0.034835	0.0851403	0.0675641	0.160278	0.0705124	0.0519439	0.0524721	
0.0485307	0.00423647	0.0149491	0.0266733	0.107047	0.200493	0.00014593	0.0390661	0.00652431	0.054227	0.033991	0.0580835	0.0121087	0.0172978	0.0284861	0.225006	0.0035805	8.07396e-05	0.0493349	0.0701383	
0.0731665	0.00485218	6.42381e-06	0.00895663	0.117124	0.0926199	0.000504023	0.0404343	0.000140655	0.254487	0.0318142	0.0811914	0.0537998	0.000942806	4.08641e-09	0.0103491	0.00538327	0.0173443	0.0430755	0.163808	
0.0353628	0.00836233	0.0174025	0.0251409	0.0866475	0.0382192	0.0252654	0.080825	0.0735953	0.103092	0.0307566	0.0989589	0.022132	0.0291588	0.0202669	0.0881676	0.0560053	0.0443372	0.0293547	0.0869496	
0.00657038	0.0273372	5.79272e-05	0.01694	0.0468181	0.0236498	0.0343405	0.0975657	0.0014773	0.197621	0.246587	0.00819295	0.0810853	1.62801e-05	0.00617045	0.0556296	0.0585221	0.000886037	0.0015833	0.0889491	
0.121282	0.0131148	9.88572e-08	0.00138895	0.0279061	0.0133066	0.0308079	0.0516892	3.39946e-08	0.032836	0.00993212	0.0263932	0.00822479	0.00754105	2.61193e-09	0.632626	0.0180805	0.000144043	0.000151457	0.00457519	
0.0231232	0.000282689	0.00759594	0.00145829	0.13731	0.054506	0.0052971	0.0800479	0.000344125	0.182582	0.00515137	0.0428997	0.202444	0.0184076	9.00799e-05	0.0515991	0.0290356	0.0590448	0.0570824	0.0416986	
0.105008	0.000816273	0.0686751	0.00784955	0.0907949	0.0782848	0.0262528	0.00871906	0.0036631	0.0705626	0.00421153	0.264063	0.00187003	0.00272615	4.86275e-07	0.166914	0.0524002	0.004729	0.00301263	0.0394457	
0.0299386	0.024941	0.0267572	0.00138489	0.056596	0.0228021	0.00607633	0.0685418	0.114251	0.0905332	0.00113277	0.0118437	4.82606e-05	0.0392495	0.0839604	0.108119	0.175594	0.0479992	0.0435688	0.0466628	
0.000708895	0.00874958	2.70275e-05	9.88225e-07	0.425039	0.146086	0.000872194	0.0234984	1.06831e-06	0.052971	0.0238987	0.0135063	0.000127167	0.0311913	0.000558254	0.079577	0.115976	0.0123032	0.0118059	0.0531015	
0.0448849	0.00255811	1.64035e-05	0.00286568	0.194977	0.058685	0.000236864	0.238886	4.51953e-09	0.122624	0.0323369	0.0451625	0.00590036	0.0148019	0.000316961	0.102969	0.0386415	0.0199128	0.0259969	0.0482279	
0.00849659	0.00699905	7.66138e-06	1.55057e-05	0.132737	0.0209156	0.0269895	0.328193	1.92897e-06	0.296475	0.0159341	0.00658707	0.0209639	3.39435e-05	0.000207488	0.0232971	0.00628442	0.0822466	0.011624	0.0119909	
0.0137676	0.000101805	0.00236993	8.58822e-05	0.377527	0.26977	0.0155268	0.0054595	0.000263742	0.0279501	0.0100079	0.00522167	0.000284303	0.00246968	0.00139706	0.0623527	0.0079406	0.00280181	0.000628014	0.194074	
0.0428967	0.000528407	0.00129446	0.000769381	0.117485	0.0531287	0.00132478	0.0655441	2.67638e-05	0.147408	0.108722	0.00772326	0.00126733	0.0176251	0.00232978	0.0177436	0.03179	0.348651	0.0270253	0.0067159	
0.033248	0.0153768	0.0242268	0.0395669	0.0761024	0.0137428	0.019842	0.0461799	0.00196507	0.0679637	0.0020224	0.0371275	0.317609	0.0261701	1.87593e-06	0.0672898	0.0478176	0.0966431	0.0113126	0.055792	
0.00601354	0.00415007	0.00821032	2.77681e-07	0.121148	0.00724495	0.000145273	0.370491	6.68799e-05	0.117395	0.046271	0.000178602	0.0342784	0.0018936	0.00254675	0.0120128	0.0231216	0.211314	0.0241093	0.00940891	
0.052697	0.00260254	0.0708703	8.83363e-06	0.137438	0.00794803	0.00438257	0.146831	6.8085e-06	0.0788148	0.0143581	0.0483168	0.00290739	0.0210531	0.0139299	0.16109	0.084323	0.0759208	0.000384175	0.0761172	
0.0452485	0.0137066	0.00129377	6.72568e-09	0.156633	0.0466286	0.000298549	0.240437	2.89894e-05	0.290066	0.0353536	0.000418247	0.00836146	0.00156465	0.00361035	0.0120315	0.0314889	0.0815859	0.0119929	0.0192522	
0.060933	0.000434923	0.00375217	0.0176587	0.0380416	0.176044	6.24844e-07	0.153457	0.000534322	0.0412388	0.00784102	0.0817618	0.080432	0.00105291	0.0324734	0.0770169	0.0660211	0.103043	0.00861725	0.049645	
0.0231268	0.0128209	0.0185587	0.022462	0.168496	0.0237806	0.0124832	0.141059	0.0217185	0.212687	0.0256969	0.0398122	0.0196236	0.00754666	0.0188274	0.063568	0.0282052	0.0565986	0.0326683	0.0502603	
0.0734907	0.00469584	0.0128156	2.22023e-07	0.278665	0.0379668	0.00210094	0.0861457	0.00238305	0.145347	0.0470431	0.0150113	0.00595745	0.000188661	0.00452371	0.0173217	0.0454417	0.220004	0.000145491	0.000751809	
0.00824686	3.04273e-05	5.97863e-08	0.000164619	0.112479	0.000688633	4.13626e-05	0.132711	0.0239815	0.568366	0.0283821	0.0143989	0.0020003	0.00164874	0.00867307	0.0380744	0.00351406	0.0306594	0.00862693	0.0173116	
0.0638307	0.00924097	8.02493e-05	0.00109538	0.13681	0.027634	0.00967622	0.0158418	0.00413975	0.0943332	0.0667693	0.0428357	0.00740574	0.0377417	0.00015745	0.199149	0.0225055	0.00640213	0.241384	0.0129671	
0.10043	0.00160766	0.0240843	0.00972538	0.0471755	0.0590891	0.0362572	0.160139	0.0527284	0.20796	0.022236	0.0105885	2.02257e-06	0.000208438	0.00378087	0.0656853	0.0677085	0.0971332	0.000307852	0.0331527	
0.0332918	0.0257105	0.0135509	0.00359766	0.0566442	0.00884154	0.0104029	0.0643518	2.93571e-05	0.371182	0.0300113	0.00793753	0.0767032	0.00415346	0.0660712	0.0148183	0.0165882	0.079202	0.00653662	0.110376	
0.022637	0.00355753	0.000946471	0.0224154	0.0519823	0.0109956	0.000983421	0.096065	0.111465	0.133974	0.00494635	0.069401	0.00433392	0.111522	0.116964	0.0265881	0.0647682	0.0954846	0.000398142	0.0505728	
0.0262983	4.77872e-06	0.00410098	0.00762194	0.124477	0.00812827	0.00163056	0.180489	0.0109227	0.239298	0.0410911	0.0240346	0.00160429	2.62198e-07	0.00273991	0.0526208	0.0701149	0.0776566	0.0289733	0.0981926	
0.0140915	0.0046541	0.00715088	5.47964e-05	0.064302	0.00335263	0.00011026	0.137558	0.000449068	0.498229	0.0106044	0.0163587	0.0199674	0.0116913	0.00347549	0.0210036	0.0260144	0.157082	0.00149589	0.00235441	
3.79584e-06	0.000456774	0.000253973	0.014278	0.158272	0.011277	0.00236215	0.186351	2.0074e-06	0.335401	0.0381119	0.0503415	0.000876966	0.0165984	2.3604e-05	0.078658	0.0388843	0.0643912	0.00118122	0.00227479	
0.227735	0.0148069	0.00070218	1.18202e-07	0.107554	0.104477	0.0175701	0.151388	0.00773133	0.0850587	0.0357168	0.00694701	0.00505967	3.12791e-05	0.0124834	0.167702	0.00594353	0.0460818	0.00129201	0.00171957	
0.0127128	0.00164817	0.00147703	0.0111096	0.0215795	0.00691561	0.0128767	0.322234	0.000282864	0.136277	0.000462468	0.012453	0.00726064	0.00210472	0.010137	0.101298	0.0797973	0.151648	0.000847773	0.106878	
0.0865645	0.00124162	1.47161e-09	2.81076e-05	0.114426	0.144914	0.0171391	0.0647583	0.026775	0.0950817	0.0346067	0.0481768	0.0869744	0.00183949	0.0581667	0.0339938	0.116229	0.0487142	0.0116967	0.00867393	
0.0957817	0.00799142	4.4813e-05	1.3905e-07	0.483886	0.0684329	0.0054072	0.069451	0.000271139	0.0886673	0.0567736	0.012017	0.00458096	2.47897e-05	0.000287964	0.0540763	0.00759461	0.0107401	0.00383966	0.0301313	
0.0723052	0.000609675	3.10661e-05	0.0029336	0.00497556	0.0226949	0.000508651	0.340036	9.37558e-07	0.26225	0.0288052	0.0208532	0.0277908	0.0285869	2.91373e-05	0.0157521	0.0125641	0.145834	0.00947311	0.00396589	
0.0953467	0.00760053	0.0481523	6.12057e-07	0.112321	0.111559	0.00137498	0.0829537	0.0285151	0.0458164	0.131619	0.0165552	0.00162864	0.000788418	4.60887e-09	0.0746658	0.0365166	0.0871043	0.0274987	0.0899837	
0.00704048	0.0316117	0.0302258	0.0847412	0.0560429	0.0158144	0.00878048	0.0678068	0.137506	0.0446006	0.0186025	0.0567589	0.109608	0.000449503	0.0458142	0.0527729	0.045669	0.06547	0.0635082	0.0571766	
0.130617	0.0380659	0.00115654	0.000872379	0.242839	0.0634337	0.0149056	0.0575977	0.0015862	0.15613	0.0466389	0.0297953	4.25836e-06	7.79962e-05	0.0045799	0.0808312	0.0413808	0.0493798	0.0127486	0.02736	
0.0181633	0.000883464	0.00344784	0.000314944	0.170432	0.0763418	0.00575872	0.116151	0.0184345	0.0359077	0.0901745	0.0291395	0.00513268	0.00635418	0.00427591	0.183425	0.156627	0.00164847	0.0287157	0.0486713	
0.0493553	0.000164779	0.00161097	0.0138796	0.081269	0.102309	0.0388049	0.0710481	0.000467082	0.125933	0.0315344	0.110497	0.00828762	0.00146258	1.35075e-05	0.185195	0.0558501	0.0730431	0.016025	0.0332491	
0.058589	0.0159577	0.0238608	0.00881686	0.0280951	0.0378281	0.0153113	0.0835295	0.0464904	0.0510219	0.0221763	0.171613	0.00139927	0.00293954	0.0119367	0.0940999	0.0519523	0.0740893	0.00678045	0.193513	
0.0604172	0.00641402	0.0182595	1.23212e-06	0.220993	0.0346829	0.0712554	0.216199	0.0127175	0.144095	0.000411172	0.0846783	0.0312514	0.00101448	0.00387808	0.00558446	0.0367086	0.0157009	0.035577	0.00016073	
0.0161704	0.000348084	0.0130277	0.00239988	0.0801758	0.0211661	0.0651148	0.176489	1.68346e-07	0.358601	0.0728367	0.0222222	0.000201465	0.00697492	0.000454659	0.0428098	0.00553406	0.045774	0.000613925	0.0690862	
0.0105805	0.0521922	0.0871966	9.3963e-07	0.098832	0.0103901	0.0128872	0.0826784	0.00696816	0.271537	0.0075698	0.0867448	7.31887e-06	0.00405445	0.0188952	0.0639662	0.0962135	0.00819227	0.0752517	0.00584126	
0.0956639	0.0202864	0.000147314	3.01549e-07	0.339009	0.00954457	0.0172893	0.0317126	1.24959e-09	0.328605	0.0693679	0.0289449	3.0397e-05	0.000383949	0.00155696	0.0153067	0.0106477	0.0267739	3.22787e-05	0.00469637	
0.00850851	0.00622833	0.0750428	0.00732585	0.139842	0.00700903	0.0167079	0.0965978	0.0847991	0.0334742	0.145371	0.000929416	3.58182e-05	0.113382	0.166458	0.0203354	0.00307208	0.0195223	0.00183641	0.0535225	
0.0137045	0.0103619	0.0203147	0.0112674	0.163562	0.00776653	0.0176786	0.0611459	3.4983e-05	0.3345	0.0524155	0.00324938	0.000426931	0.000880327	0.00133872	0.0107837	0.202657	0.0712347	0.00223311	0.0144445	
0.144222	0.0538218	0.000610865	0.121779	0.0436883	0.00118707	0.00166691	0.320528	0.00277121	0.0706912	0.0311265	0.0442412	0.00648409	0.0007037	0.000352482	0.0610456	0.0528867	0.0374995	9.9655e-05	0.00459409	
0.140477	0.000455327	0.0211136	0.00470001	0.221911	0.0185308	0.0227895	0.124659	0.00382211	0.176343	0.0390563	0.00393782	0.00860079	0.0511278	0.00334987	0.0214078	0.0141389	0.0881357	0.0163672	0.019077	
0.051206	3.72215e-05	0.0040662	1.61116e-06	0.0857243	0.0097713	4.69195e-07	0.274963	0.037151	0.115445	8.86288e-05	0.0898268	5.29373e-05	0.00107776	7.13738e-05	0.0202863	0.249325	0.0290119	0.000348022	0.0315453	
0.0370444	0.0182784	0.00191369	0.0359437	0.159273	0.0103453	0.0270734	0.108831	0.00829618	0.24281	0.0125276	0.0359298	0.0179445	0.000304893	0.101866	0.12257	0.0119618	0.00514909	1.67275e-05	0.0419214	
0.000258455	0.0716004	0.14227	3.24578e-08	0.238811	0.000136701	0.0155001	0.0889931	5.77596e-08	0.0700106	0.019993	0.142699	0.0191273	3.44276e-06	0.00121845	0.0917924	0.0691279	0.00777439	0.0176275	0.003056	
0.00868405	6.66282e-08	0.00791243	0.000577757	0.19374	0.014819	0.0545661	0.0983623	0.00814917	0.159454	0.00280588	0.020497	0.000406786	2.10237e-06	0.0159023	0.154355	0.0301364	0.00344394	0.163227	0.0629582	
0.0323101	0.0130537	0.000114723	0.000250854	0.0770734	0.00349701	0.00408863	0.076768	0.0068686	0.189036	0.139815	0.0526616	2.70807e-05	0.0888543	0.0102548	0.0127553	0.00183967	0.0941583	0.00753452	0.189038	
0.0593343	0.0108174	0.0796696	0.135123	0.0182887	0.0230871	0.0255402	0.0453669	0.124278	0.0870985	0.0209105	0.0513285	0.00579292	0.0156632	0.00597045	0.108189	0.0814467	0.0336672	0.00113835	0.0672896	
0.0494746	9.20243e-05	8.64618e-06	0.0230363	0.112719	0.0701758	0.006128	0.0258312	0.000367522	0.0483121	0.0289957	0.00481483	9.53624e-05	0.044778	0.000570863	0.0926968	0.0631824	0.115663	0.222625	0.0904328	
0.066235	0.000938265	0.0429502	0.0140342	0.261611	0.0109139	0.00417502	0.237591	0.00299866	0.0363872	0.00268262	0.019637	1.56759e-05	0.000300121	1.17588e-06	0.0124502	0.0109188	0.040801	0.0533475	0.182011	
0.0313182	0.0298697	0.00176068	0.000444276	0.148592	0.0314123	0.00234408	0.131155	0.00510749	0.219128	0.0104366	0.00556848	0.00297276	0.000564511	0.000249156	0.20794	0.102212	0.0596145	0.00203794	0.00727329	
0.0169368	0.00175237	0.000550997	0.00013705	0.0127017	0.00141177	0.00378824	0.111072	0.0170755	0.435412	0.0800562	0.0187583	2.5791e-05	0.00411669	0.000475275	0.00349748	0.0491062	0.0674128	0.116026	0.059687	
0.0379625	0.0173552	0.015628	6.4242e-06	0.111432	0.0268139	0.0203885	0.0655167	0.00373366	0.127486	0.0531855	0.00678402	9.80111e-06	0.0493332	0.00253112	0.0393763	0.0181198	0.319777	0.0104683	0.074092	
0.0371776	0.0543768	0.000680322	0.000486037	0.109313	0.05876	0.000328044	0.0356747	0.0262739	0.169997	0.0800321	0.0408753	0.017234	0.00237446	0.060121	0.115557	0.00845044	0.137005	0.0144447	0.0308392	
0.084454	0.00491417	0.0264813	0.000514904	0.128382	0.0847273	0.0699612	0.0775348	0.00779804	0.130986	0.00662466	0.0152295	0.0579608	0.0211178	0.00274075	0.118553	0.068063	0.0203644	0.00046881	0.0731233	
0.223437	0.0203865	6.41165e-05	0.00820196	0.112267	0.0329372	0.00714295	0.0399508	0.000128904	0.0721375	0.0153962	0.0120407	0.000891593	0.00371294	0.00596953	0.26319	0.0106542	0.0222044	0.149216	7.06815e-05	
0.0269976	0.000131048	5.07288e-05	0.0559404	0.330894	0.0424118	0.0243947	0.0617617	0.00577583	0.159319	0.01545	0.0141269	0.00427693	0.000429536	0.020224	0.0333589	0.0567306	0.0413959	2.29605e-06	0.106328	
0.126191	0.0202557	0.00535259	0.0230899	0.00267229	0.127229	0.0340636	0.196268	0.00019217	0.207558	0.0609279	0.00135497	1.11709e-09	0.000860905	1.27079e-07	0.0504784	0.0107936	0.10277	0.0285471	0.00139424	
0.0052448	0.000886269	0.0142149	0.0244793	0.0662251	0.0556992	0.0610296	0.134269	1.27288e-07	0.0290936	0.00169959	0.0511152	8.07939e-07	0.11308	0.00709961	0.0442473	0.00432545	0.367798	0.00307939	0.0164124	
0.0640084	3.84625e-10	0.0145124	1.01139e-09	0.179786	0.00220107	0.03601	0.0794708	0.00975206	0.138866	0.127987	0.110424	0.00119049	0.00284266	9.27253e-06	0.100359	0.0952181	0.0256305	0.00313237	0.00859964	
0.0266079	0.00109945	0.0177625	4.71155e-06	0.0979768	3.79707e-06	0.0243911	0.251298	0.0158144	0.127626	2.28668e-05	0.0323579	5.65401e-05	0.0404094	0.0126172	0.109304	0.0298087	0.204159	0.000437983	0.0082409	
0.0753806	0.00174251	1.01856e-06	0.0238238	0.0959508	0.016286	0.000115358	0.0721658	0.0038602	0.0651825	0.00965024	0.210782	0.228995	0.00010291	0.000968334	0.13873	0.0279082	0.0109343	0.00975929	0.00766179	
0.0355139	0.000441509	0.000737657	0.00372221	0.206553	0.0830078	0.00500492	0.0735165	6.77272e-07	0.185284	0.11562	0.0286915	0.0228929	0.0018845	0.0527186	0.00123045	0.00668532	0.135001	0.0240002	0.0174941	
0.0350913	0.0208691	7.62419e-06	6.19323e-05	0.220913	0.00291091	0.000854578	0.154549	0.000209468	0.099402	0.045127	0.0012035	0.00719452	0.0510565	0.196886	0.0363606	0.0426167	0.0252844	0.0228943	0.0365075	
0.102081	0.0175882	3.85441e-07	2.10288e-05	0.0852678	0.0213622	0.00413177	0.0482158	0.000224469	0.252162	0.128819	0.00227017	9.48305e-06	0.0108337	0.00398848	0.143946	0.0725224	0.0323661	1.89537e-05	0.0741716	
0.0384493	0.0242219	0.0174546	0.0663933	0.0488462	0.00524002	0.000202274	0.295039	0.106138	0.0612287	0.0112999	0.0801571	2.04367e-09	0.0690624	0.0118931	0.0482102	0.0472324	0.0169466	0.00214124	0.0498438	
0.0022613	0.00559737	0.0326496	0.0268558	0.159141	0.102665	0.00991886	0.0250717	0.00065131	0.0605287	6.20312e-05	0.00815711	0.0121809	9.312e-05	0.0131737	0.103517	0.212026	0.00596645	0.00687677	0.212606	
0.0215123	0.0101044	0.000127992	0.0188717	0.290179	0.00249489	6.83735e-05	0.210514	0.0144273	0.0777779	0.038267	0.00148878	0.00729072	0.000131161	0.000641052	0.228658	0.000454298	0.0107985	0.0190778	0.0471145	
0.0232381	0.00420367	0.000264354	0.0172296	0.357634	0.0358125	0.00888781	0.151874	2.79926e-05	0.185864	0.000365271	0.0095894	0.00792868	0.0415624	0.00171364	0.0799962	0.000743139	0.0160205	0.00464177	0.0524028	
0.0194385	0.00733486	0.00123543	0.074519	0.0956125	0.00256791	0.0410324	0.102237	0.0425861	0.150888	0.00280849	0.0397597	0.000126814	0.000587285	0.00249232	0.0341902	0.111131	0.266489	6.48267e-08	0.00496269	
0.0571699	0.0395862	0.000670542	0.0026666	0.127877	0.0677556	0.0294227	0.131199	0.00459508	0.208699	0.0015903	0.0333771	0.0159208	0.000487778	1.13394e-05	0.113932	0.0812802	0.0379939	2.68407e-05	0.0457384	
0.020758	0.0566057	0.00861464	0.00338965	0.0539973	0.0554548	0.0395781	0.0099022	0.000128399	0.298088	0.0327933	0.0673127	0.00170416	0.00508744	0.0351593	0.120176	0.0614031	0.0666238	0.00546969	0.0577535	
0.00840839	0.00863725	3.4194e-06	0.00345467	0.190867	0.0614037	0.0350253	0.134259	0.000193124	0.125617	0.0145551	0.0122197	4.27209e-07	0.0242395	0.00204582	0.12681	0.0680054	0.120431	0.000991693	0.0628332	
0.0507597	0.0667464	2.73474e-07	1.13089e-07	0.0431294	0.0261295	0.00140104	0.319614	0.0306007	0.0418355	0.0041056	0.0539329	0.00222361	0.000786251	0.00186959	0.11831	0.039408	0.160204	0.00213353	0.0368097	
0.03082	0.00907936	0.00934084	0.000977358	0.130311	0.0714693	0.0250744	0.0583818	0.00507901	0.136338	0.0176973	0.129526	6.50845e-07	0.000660611	0.000578665	0.0592749	0.0726949	0.13683	0.00072369	0.105142	
0.0123205	0.00213001	0.0917988	0.00582144	0.071393	0.0576973	0.0125601	0.118567	1.85299e-07	0.252873	0.0318014	0.043022	0.000629664	0.00816112	0.000302663	0.218004	0.0163967	0.029056	0.0163719	0.0110933	
0.00166946	0.0118559	0.00372289	0.0362346	0.0927779	0.0983524	0.0317521	0.0373754	0.00225272	0.297056	0.14252	0.031723	0.0227915	0.0205667	0.00440897	0.0396398	0.0810192	0.0341546	0.00673747	0.00338896	
0.1769	0.0176549	0.000408271	0.00358107	0.0769669	0.0175607	0.0384045	0.0864671	0.000130132	0.0781981	0.0833316	0.0185685	0.0425608	0.000676653	1.39178e-05	0.0368051	0.0348316	0.16288	0.00280946	0.12125	
0.0402721	0.019697	0.00109303	0.0071588	0.11644	0.00121807	0.00613424	0.044437	0.000193244	0.102675	0.00994548	0.00640814	0.00879608	0.02848	0.000136746	0.0840675	0.136499	0.156046	0.0370704	0.193233	
0.033848	0.0190562	7.64978e-05	0.000551934	0.147071	0.0404329	4.15575e-05	0.0961908	0.00329358	0.209198	0.0183525	0.00468346	0.0227549	0.00420139	0.071377	0.00845752	0.0525063	0.139225	0.0254023	0.103278	
0.143067	9.3686e-05	0.0227033	8.99901e-09	0.371467	0.193381	0.0100437	0.0676394	0.0339368	0.0596107	0.006144	0.0297741	5.31637e-07	0.00218455	0.00123936	0.0159785	0.00281752	0.0072231	0.0325787	0.000117454	
0.000838208	5.78008e-06	0.035695	0.253343	0.0924122	0.145499	0.0623378	0.0241403	0.0115268	0.0408522	0.00918348	0.0294091	0.0259344	0.0147041	0.00518965	0.0724335	0.025017	0.0447556	0.0905785	0.0161451	
0.00267292	0.000123365	0.0373784	0.0250548	0.189974	0.0109785	0.000735632	0.195583	0.0115054	0.0940499	0.0722679	0.0520038	0.00714868	0.00879561	9.97747e-10	0.0425591	0.142857	0.0241376	0.00520628	0.0769682	
0.0159294	0.0543609	0.00122714	2.64058e-06	0.205388	0.059853	0.00106053	0.128863	0.0114795	0.256193	0.0382813	0.0122908	0.00532899	0.00358923	1.2957e-05	0.105725	0.00423998	0.0877247	0.00471172	0.00373776	
0.138642	0.034683	0.0307973	5.96188e-06	0.0750905	0.0768704	0.297364	0.0823719	9.09924e-06	0.0958708	0.0159764	0.00438512	0.000257776	0.00319763	0.00214671	0.012222	0.0026789	0.0178448	0.0450285	0.0645574	
0.117577	1.15251e-05	0.0163246	0.00860883	0.0723248	0.102998	0.0111996	0.337204	0.00187116	0.0208675	0.0247995	0.100286	0.0171051	0.000768833	3.02104e-05	0.0577207	0.0238765	0.0638964	0.0154525	0.00707699	
0.0223948	5.17579e-08	0.0164788	0.00157982	0.0385713	0.0180983	0.00218493	0.559853	7.39921e-05	0.0308799	0.119255	0.043929	0.00320657	0.0274349	0.005103	0.0518544	0.0024576	0.0123045	0.033464	0.0108765	
0.0236611	3.24724e-06	0.0606308	4.06869e-06	0.0490924	0.00119156	0.00412789	0.0356707	0.0230693	0.207883	0.00396411	0.0608819	0.0280929	0.00689583	0.00984945	0.32299	0.0340156	0.0842086	0.00712318	0.0366448	
0.0400728	0.000104514	0.0107076	2.57339e-05	0.0398323	0.00218009	0.0022068	0.104011	0.000113011	0.413418	0.0375075	0.0305809	0.0726879	0.00973708	0.0350814	0.0570119	0.104439	0.0301848	8.27681e-06	0.0100891	
0.063744	0.00836595	0.181753	0.0227565	0.0406344	0.086226	0.00606613	0.0488028	0.00152888	0.129463	0.109705	0.0135028	0.0148646	0.0607503	0.00048815	0.046784	0.0683517	0.0182331	0.00540876	0.0725702	
0.020042	0.00142589	0.0125902	8.33438e-05	0.141668	0.0374985	0.0937699	0.125788	0.00107283	0.446823	0.0234064	0.00656609	0.0076199	0.0179857	1.67252e-07	0.0400274	0.00569778	0.0128113	0.000972105	0.00415131	
0.0125594	0.00560084	5.98321e-05	0.0258857	0.0792972	0.0360543	0.0569542	0.116727	0.171079	0.0955901	0.0469671	0.032226	0.0742048	0.020601	0.0130096	0.0590198	0.0803372	0.047106	0.00874179	0.0179798	
0.040885	0.0178967	0.00923472	0.0251858	0.13963	0.0494585	0.0302718	0.0226541	0.0257248	0.0698672	0.143965	0.111379	0.0958717	0.00755872	5.59746e-07	0.0574106	0.0974221	0.0204746	8.54186e-06	0.0351009	
0.053886	0.0410809	0.05079	0.00129475	0.0469807	0.000404607	0.0249061	0.00627096	5.67731e-05	0.0172847	0.00134573	0.0231748	7.5466e-05	0.0261985	0.0197088	0.307023	0.228209	0.0446169	0.00286708	0.103825	
0.0103959	0.00541088	0.011066	0.00166306	0.233471	0.00382172	4.12657e-05	0.0411161	0.00128112	0.155921	3.33016e-05	0.263139	0.0584314	0.0229446	4.2864e-06	0.022364	0.0201061	0.0851997	0.00111254	0.062477	
0.0176315	0.00505066	0.00112445	0.000512068	0.198706	0.0346814	1.67739e-05	0.0295343	0.0112062	0.177391	0.0658081	0.132661	0.00798041	0.0582665	0.0511917	0.0363662	0.0123127	0.105332	1.49297e-05	0.0542114	
0.00117202	0.0231949	1.02882e-05	0.0281883	0.112977	0.257986	0.0314917	0.0233422	0.0240569	0.16036	0.00452631	0.0203982	0.0336395	0.042679	0.00027632	0.0826515	0.00347466	0.108782	0.0209749	0.0198179	
0.0585558	0.000741506	0.00150643	0.00544615	0.0983894	0.00134263	0.00793214	0.0889895	1.31624e-12	0.250418	0.064406	0.0594834	0.022729	0.00500206	0.0349471	0.0463848	0.0301274	0.179886	0.0407112	0.00300136	
0.00146042	0.0152645	0.0207864	8.41716e-07	0.310326	0.167538	0.0156907	0.00846674	0.0465338	0.0185534	0.170975	0.0857838	6.12e-05	1.54833e-05	0.000250476	0.0652757	0.0231734	0.0230936	0.00061768	0.0261322	
0.197909	0.00429656	0.00425981	1.76682e-06	0.0258069	0.00275599	0.0325548	0.128501	0.00803033	0.10953	0.0755002	0.153916	0.000312579	0.00130593	0.000842272	0.0125934	0.0144582	0.215136	1.25513e-06	0.0122878	
0.00781967	0.00780307	0.00520671	0.0029029	0.0456791	0.0552006	0.0431333	0.0439104	0.186164	0.0731848	0.0602923	0.194983	8.82064e-07	0.0176794	0.0941995	0.0867819	0.0733811	0.00107376	7.58113e-08	0.000603794	
0.000601284	0.00670016	4.16337e-05	0.002877	0.0489402	0.0660937	0.000245404	0.311694	5.91876e-06	0.257616	0.0397961	0.00395845	0.00343115	0.020924	0.0112866	0.098826	0.0551345	0.00141049	0.0474077	0.0230103	
0.0182994	0.00116264	0.0152788	0.00148935	0.044796	0.0248951	4.62476e-06	0.0607598	2.5286e-07	0.0547028	0.394796	0.174822	0.000350804	4.42035e-05	0.0154448	0.0862212	0.0305808	0.0311855	2.60398e-05	0.0451401	
0.013688	0.00664894	0.0355597	0.000495455	0.172106	0.116197	0.00361349	0.114105	0.17281	0.0920665	0.00344077	0.0342844	0.0171362	0.00889528	0.0326634	0.0511966	0.00939376	0.0485202	0.023287	0.0438927	
0.00163863	0.000324689	0.0106246	0.00783398	0.243856	0.00305466	0.000248618	0.16328	5.27656e-11	0.294225	0.0339699	0.032559	0.00208501	0.00644868	0.0467343	0.0181273	0.0384884	0.00523252	0.0153085	0.0759611	
0.0838048	0.00976609	1.16528e-05	0.00205223	0.0910059	0.0242175	0.0760433	0.0270696	0.000113245	0.099982	0.285146	0.0262037	0.00850962	4.28783e-06	0.00117602	0.0864653	0.0595411	0.087752	0.0236313	0.0075042	
0.0535348	0.212719	0.000784755	0.0162169	0.0209956	0.0646056	0.00192147	0.141766	0.000289231	0.0501521	0.0689622	0.0764375	0.000200091	0.00178273	1.15421e-05	0.105602	0.0628331	0.0101002	0.000327267	0.110758	
0.0965818	0.00233369	0.000795531	0.00559088	0.135317	0.0288646	0.121844	0.012654	9.43524e-05	0.133205	0.037558	0.163403	0.000235756	2.3021e-05	0.000441273	0.0884558	0.105446	0.0317209	0.00127771	0.0341569	
0.0316374	0.0208067	0.00535956	0.0038881	0.151592	0.161831	0.0719755	0.0365096	0.000667502	0.060201	0.0235731	0.005356	0.012766	0.038559	2.43959e-05	0.0835502	0.102838	0.11191	4.91132e-05	0.0769051	
0.225878	0.0022211	0.000226475	0.000659274	0.101726	0.0121127	0.000148956	0.196051	0.000220213	0.0584329	0.0674673	0.0174025	0.0142459	0.0172484	0.0657697	0.0431917	0.0269537	0.0560655	0.0507835	0.0431952	
0.01806	0.0290003	0.00751228	1.06405e-05	0.0527377	0.0363074	0.0137515	0.00364461	0.112567	0.139968	0.110036	0.000716887	0.00907224	0.0594311	0.00561912	0.110757	0.0405746	0.244726	0.000320823	0.00518757	
0.00658881	2.22726e-05	0.000971797	0.00598123	0.121542	0.0624038	0.00048965	0.164364	1.35672e-05	0.130401	0.0795836	0.00121487	0.00386694	0.000258201	0.0027674	0.0844691	0.151542	0.114349	0.0617674	0.00740407	
0.120151	9.42345e-08	0.0185575	2.48988e-05	0.031199	0.132572	6.67859e-05	0.0828442	0.0232699	0.312604	0.0118966	0.00669035	0.00876185	0.000317895	0.0280054	0.0244253	0.114493	0.0227056	0.0546138	0.00680063	
0.00373485	0.00374317	0.00416938	0.0028058	0.0905551	0.16612	0.0179423	0.170843	3.5667e-06	0.143166	0.0419146	0.0251036	0.00479359	0.000556185	0.00134485	0.0172084	0.210118	0.0775748	0.000458401	0.0178437	
0.101353	0.00456846	0.000619597	0.0159588	0.162985	0.000102801	0.00234471	0.064	0.00756666	0.0383768	0.0295144	0.0315035	0.000260364	0.100959	0.000419546	0.0647742	0.128095	0.0112642	0.00250335	0.23283	
0.0173372	0.0137515	0.0555078	0.000393347	0.319171	0.0060647	4.37194e-05	0.0154647	5.66421e-06	0.151364	0.0205406	0.00185512	0.050188	0.0185337	0.000255895	0.0997617	0.0135798	0.0187675	0.0173383	0.180076	
0.00907535	0.00557776	0.000305834	6.03298e-06	0.109386	0.0247287	0.00101187	0.0644679	0.000268764	0.158393	0.061539	0.127278	0.00691663	0.0181129	0.00111757	0.116644	0.139348	0.0912227	0.0164429	0.0481576	
0.0450981	0.176718	0.0460289	0.004917	0.202749	0.0272067	0.0167014	0.0864407	0.00985548	0.109737	0.0713651	0.00566705	0.00114034	0.00197591	1.76843e-05	0.117352	0.0430937	0.018777	0.0120684	0.00309007	
0.0502478	0.0425181	0.0609791	0.0409135	0.0287002	0.0818771	0.00284033	0.0332176	0.00245928	0.102992	0.0421685	0.00190375	0.191782	0.000710307	5.29623e-05	0.255474	0.0170047	0.040321	0.00124062	0.00259725	
0.0368507	0.0455044	0.0542797	6.18894e-05	0.0758927	0.0146668	0.0129898	0.118445	0.138602	0.164159	0.0297934	0.0429356	3.3481e-07	0.00960172	0.0246284	0.167668	0.00174709	0.0175991	0.0123376	0.0322363	
0.252837	0.00230539	8.43147e-07	0.0139134	0.295931	0.0613399	0.017221	0.0933191	0.00860593	0.0222348	0.00530669	0.00388228	0.000898394	0.00119993	2.59069e-05	0.0201098	0.00270379	0.0118296	0.0130314	0.173304	
0.0443282	0.0363267	3.55614e-05	3.31592e-07	0.205612	0.0395592	0.000653974	0.206829	0.00555066	0.0836901	0.0165797	0.0128594	0.0164313	0.11588	0.00016959	0.0356224	0.0378586	0.00488589	0.0290833	0.108043	
0.140018	0.0043114	0.0786327	0.0239684	0.117705	0.0777277	0.0684161	0.0474926	0.0108211	0.0294971	0.0160517	0.0176807	0.0157921	3.17654e-05	0.00405445	0.163326	0.0154272	0.154521	0.00701954	0.00750678	
0.166679	0.000386612	3.74245e-09	0.0311857	0.166454	0.0071306	0.000526722	0.102109	0.0173066	0.134493	0.0121977	0.0381066	0.0338034	0.00234872	0.0165335	0.0282919	0.0334811	0.0543161	0.000438327	0.154211	
0.0130156	0.00499942	0.00570861	0.00215878	0.0131988	0.0741718	0.0121533	0.102687	0.00366806	0.341508	0.114889	0.122487	0.0664542	0.00442583	0.00823857	0.0514422	0.00209304	0.0314654	0.00583875	0.0193961	
0.00752627	0.191446	0.000432173	0.00257435	0.123451	0.136492	0.00157811	0.00872802	0.00170107	0.192677	0.0103038	0.0164357	0.132829	0.0573168	2.37318e-05	0.0213835	0.0859216	0.00916444	5.30179e-06	9.7165e-06	
0.0128045	0.0119941	0.00909163	0.0324546	0.16407	0.00844482	3.26489e-06	0.0179449	0.0623828	0.0967773	0.0756064	0.102664	0.000100655	0.0935666	0.0748272	0.0694682	0.0731981	0.0152248	0.00797027	0.0714056	
0.072771	0.000391501	2.664e-07	0.000242258	0.0801313	0.0741047	0.00725865	0.0638521	0.0432827	0.0926172	0.0472979	0.00856795	0.0124422	0.0105062	0.0159248	0.405549	0.0611054	0.00193558	0.00129308	0.000725939	
0.00902416	0.00593325	0.0016792	9.66684e-05	0.146941	0.000873262	0.0293465	0.246495	0.026632	0.0463583	0.0327852	0.0358035	9.71725e-06	0.056916	0.0101293	0.0239309	0.0284459	0.217606	0.0108907	0.0701043	
